1	2	37
1	3	10
1	4	8
1	5	4
1	6	4
1	7	1
1	8	1
1	9	1
1	10	1
1	11	3
1	12	1
1	14	1
1	16	1
1	17	1
1	18	1
1	20	1
1	21	1
1	22	2
1	25	1
1	26	2
1	27	1
1	28	2
1	29	3
1	30	2
1	31	2
1	33	2
1	37	2
1	38	1
1	39	1
1	41	1
1	42	1
1	44	3
1	45	1
1	47	3
1	49	1
1	51	1
1	52	1
1	53	1
1	62	1
1	64	1
1	66	2
1	68	3
1	69	1
1	72	4
1	73	5
1	75	1
1	76	1
1	77	1
1	81	1
1	82	1
1	88	1
1	89	1
1	93	2
1	94	1
1	96	3
1	99	2
1	100	2
1	102	1
1	106	2
1	120	1
1	128	1
1	131	1
1	149	1
1	151	1
1	154	1
1	159	4
2	3	107
2	4	17
2	5	4
2	6	10
2	7	2
2	8	5
2	10	5
2	11	1
2	12	1
2	13	2
2	15	2
2	17	1
2	18	2
2	19	1
2	23	2
2	24	4
2	26	2
2	27	2
2	28	3
2	29	2
2	30	2
2	31	3
2	33	4
2	34	2
2	35	1
2	36	3
2	38	3
2	43	4
2	44	1
2	45	1
2	46	1
2	48	2
2	49	1
2	50	1
2	51	1
2	62	2
2	64	1
2	66	1
2	70	1
2	71	1
2	73	3
2	74	2
2	76	1
2	88	1
2	91	1
2	92	1
2	93	2
2	94	1
2	99	2
2	100	2
2	101	1
2	102	4
2	103	1
2	105	1
2	106	1
2	117	1
2	122	1
2	123	1
2	124	1
2	126	1
2	129	1
2	130	2
2	131	2
2	135	1
2	137	1
2	149	2
2	151	2
2	155	1
2	157	2
2	158	1
3	4	130
3	5	36
3	6	14
3	7	9
3	8	4
3	9	3
3	11	1
3	12	2
3	15	1
3	17	1
3	18	1
3	19	2
3	21	3
3	22	2
3	23	2
3	24	4
3	25	2
3	26	3
3	27	2
3	29	9
3	30	5
3	31	3
3	32	5
3	33	3
3	34	3
3	36	2
3	37	4
3	38	3
3	39	2
3	40	3
3	42	1
3	43	2
3	44	2
3	45	6
3	46	3
3	48	1
3	49	1
3	51	1
3	56	1
3	57	1
3	62	1
3	66	2
3	70	2
3	71	1
3	72	1
3	74	5
3	75	1
3	77	1
3	81	1
3	82	2
3	84	1
3	85	1
3	90	1
3	91	2
3	92	1
3	93	3
3	94	1
3	95	2
3	99	4
3	100	3
3	101	3
3	102	2
3	104	1
3	107	2
3	113	1
3	116	1
3	117	1
3	124	1
3	129	3
3	130	2
3	131	2
3	134	1
3	139	1
3	140	1
3	144	1
3	147	1
3	151	2
3	152	1
3	153	1
3	157	1
3	159	4
4	5	209
4	6	38
4	7	8
4	8	15
4	9	5
4	10	2
4	11	5
4	12	5
4	13	3
4	14	11
4	15	2
4	16	1
4	17	2
4	18	3
4	19	2
4	20	3
4	21	5
4	22	3
4	23	7
4	24	7
4	25	6
4	26	7
4	27	7
4	28	9
4	29	10
4	30	6
4	31	10
4	32	4
4	33	4
4	34	1
4	35	4
4	36	4
4	37	7
4	38	4
4	39	7
4	40	3
4	41	5
4	42	5
4	43	9
4	44	7
4	45	4
4	46	2
4	47	4
4	48	4
4	49	4
4	50	4
4	51	2
4	52	2
4	53	3
4	54	2
4	55	2
4	56	3
4	57	1
4	58	2
4	62	3
4	64	2
4	65	2
4	66	2
4	67	3
4	68	5
4	69	4
4	70	5
4	71	6
4	72	4
4	73	3
4	74	4
4	75	2
4	76	1
4	78	1
4	79	2
4	81	3
4	82	2
4	83	3
4	84	1
4	85	1
4	86	1
4	87	2
4	88	1
4	89	2
4	90	1
4	91	1
4	92	1
4	94	2
4	95	2
4	96	1
4	97	1
4	99	4
4	100	1
4	101	4
4	102	1
4	104	5
4	105	1
4	106	2
4	109	1
4	110	2
4	112	2
4	113	2
4	115	1
4	116	2
4	117	2
4	119	1
4	120	1
4	123	1
4	127	1
4	129	1
4	131	1
4	132	2
4	133	1
4	134	2
4	135	2
4	136	1
4	139	1
4	140	1
4	141	1
4	145	3
4	146	1
4	147	2
4	148	1
4	150	1
4	151	2
4	152	3
4	153	2
4	154	5
4	156	2
4	157	4
4	158	4
4	159	2
5	6	79
5	7	12
5	8	14
5	9	11
5	10	6
5	11	10
5	12	6
5	13	5
5	14	5
5	15	4
5	16	1
5	17	4
5	18	3
5	19	6
5	20	5
5	21	1
5	22	1
5	23	5
5	24	2
5	25	6
5	26	4
5	27	8
5	28	10
5	29	5
5	30	9
5	31	5
5	32	6
5	33	2
5	34	9
5	35	4
5	36	2
5	37	2
5	38	2
5	39	3
5	40	7
5	41	4
5	42	10
5	43	4
5	44	5
5	45	2
5	46	6
5	47	6
5	48	3
5	49	5
5	50	3
5	51	4
5	52	2
5	53	3
5	54	1
5	55	2
5	56	3
5	57	1
5	58	1
5	62	9
5	63	1
5	64	1
5	67	2
5	68	4
5	69	4
5	70	3
5	71	4
5	72	4
5	78	2
5	79	2
5	80	2
5	84	2
5	86	2
5	92	2
5	93	1
5	97	1
5	100	2
5	102	1
5	103	1
5	104	2
5	105	2
5	106	1
5	107	2
5	108	1
5	109	1
5	112	1
5	115	4
5	117	3
5	118	3
5	120	1
5	121	1
5	122	2
5	125	1
5	127	1
5	128	1
5	130	1
5	131	2
5	132	2
5	136	1
5	138	1
5	139	1
5	141	1
5	143	1
5	145	1
5	148	1
5	150	1
5	151	1
5	153	2
5	154	5
5	155	4
5	156	2
5	157	2
5	158	1
5	159	3
6	7	297
6	8	33
6	9	22
6	10	3
6	11	2
6	12	4
6	13	4
6	14	2
6	15	2
6	16	2
6	18	1
6	19	8
6	21	4
6	22	3
6	23	8
6	24	6
6	25	11
6	26	5
6	27	3
6	28	8
6	29	6
6	30	2
6	31	8
6	32	3
6	33	4
6	34	6
6	35	5
6	36	6
6	37	6
6	38	2
6	39	9
6	40	1
6	41	5
6	42	2
6	43	5
6	44	7
6	45	5
6	46	2
6	47	3
6	49	5
6	51	3
6	52	2
6	54	5
6	55	1
6	56	1
6	58	1
6	63	3
6	64	2
6	65	1
6	66	2
6	67	3
6	68	1
6	69	4
6	70	1
6	71	4
6	72	3
6	73	3
6	74	1
6	75	3
6	76	4
6	77	4
6	79	1
6	80	2
6	81	1
6	82	3
6	85	1
6	89	2
6	91	1
6	92	2
6	93	1
6	94	1
6	95	3
6	96	1
6	97	1
6	98	9
6	99	4
6	100	4
6	101	3
6	102	5
6	103	5
6	104	2
6	106	1
6	107	4
6	108	5
6	109	1
6	112	3
6	116	2
6	120	1
6	122	1
6	123	2
6	124	1
6	129	1
6	130	2
6	131	3
6	132	1
6	133	1
6	137	2
6	139	1
6	140	2
6	141	1
6	142	1
6	149	2
6	150	1
6	151	1
6	152	1
6	156	1
6	157	2
6	158	1
6	159	1
7	8	90
7	9	29
7	10	10
7	11	9
7	12	9
7	13	8
7	14	2
7	15	4
7	16	1
7	17	5
7	18	1
7	19	3
7	20	3
7	21	1
7	22	3
7	23	7
7	24	5
7	25	3
7	26	4
7	27	5
7	28	3
7	29	4
7	30	6
7	31	3
7	33	3
7	34	5
7	35	2
7	36	2
7	37	7
7	38	6
7	39	2
7	40	5
7	42	7
7	43	5
7	44	4
7	45	11
7	46	2
7	47	3
7	49	3
7	50	2
7	51	2
7	52	4
7	53	3
7	54	1
7	55	3
7	56	2
7	57	4
7	58	3
7	62	2
7	63	1
7	66	6
7	67	2
7	68	1
7	69	4
7	70	2
7	71	2
7	73	3
7	74	7
7	75	8
7	76	2
7	77	2
7	78	5
7	79	2
7	82	2
7	83	1
7	87	2
7	91	2
7	92	1
7	93	1
7	96	1
7	97	3
7	98	3
7	99	2
7	100	3
7	101	3
7	102	3
7	103	1
7	105	1
7	107	2
7	108	1
7	109	3
7	111	1
7	112	2
7	116	1
7	119	1
7	122	1
7	123	1
7	128	3
7	129	2
7	130	1
7	131	3
7	132	1
7	135	1
7	137	1
7	139	1
7	142	1
7	149	1
7	153	1
7	156	2
7	159	2
8	9	174
8	10	23
8	11	24
8	12	35
8	13	11
8	14	14
8	15	5
8	16	5
8	17	6
8	18	11
8	19	15
8	20	4
8	21	3
8	22	11
8	23	11
8	24	9
8	25	12
8	26	10
8	27	7
8	28	3
8	29	4
8	30	2
8	31	6
8	32	3
8	33	4
8	34	5
8	35	6
8	36	6
8	37	11
8	38	7
8	39	8
8	40	10
8	41	4
8	42	3
8	43	10
8	44	10
8	45	5
8	46	5
8	47	3
8	48	13
8	49	8
8	50	2
8	51	12
8	52	7
8	53	3
8	54	6
8	55	2
8	56	5
8	57	2
8	58	1
8	62	4
8	63	7
8	64	3
8	66	8
8	67	3
8	68	7
8	69	3
8	70	4
8	71	3
8	72	2
8	74	2
8	75	2
8	76	5
8	77	5
8	78	3
8	79	2
8	80	2
8	81	3
8	85	3
8	89	2
8	90	3
8	91	1
8	92	1
8	93	2
8	94	3
8	95	3
8	96	2
8	98	3
8	99	4
8	100	2
8	101	1
8	102	2
8	103	1
8	104	1
8	105	2
8	106	4
8	107	2
8	108	1
8	109	3
8	110	3
8	111	2
8	112	1
8	113	2
8	115	2
8	117	3
8	118	2
8	119	3
8	120	1
8	121	2
8	122	4
8	123	1
8	126	1
8	127	4
8	129	1
8	130	2
8	131	2
8	132	2
8	133	3
8	134	4
8	135	4
8	136	5
8	137	2
8	138	4
8	139	2
8	140	5
8	141	4
8	142	2
8	144	2
8	148	1
8	149	6
8	151	4
8	152	1
8	153	3
8	155	3
8	156	1
8	157	1
8	158	5
9	10	64
9	11	72
9	12	51
9	13	46
9	14	16
9	15	15
9	16	11
9	17	13
9	18	11
9	19	9
9	20	6
9	21	19
9	22	14
9	23	9
9	24	4
9	25	7
9	26	7
9	27	5
9	28	3
9	29	5
9	30	8
9	31	6
9	32	7
9	33	8
9	34	7
9	35	12
9	36	13
9	37	7
9	38	5
9	39	5
9	40	5
9	41	6
9	42	14
9	43	11
9	44	7
9	45	6
9	46	8
9	47	14
9	48	15
9	49	13
9	50	16
9	51	11
9	52	8
9	53	8
9	54	9
9	55	6
9	56	9
9	57	4
9	58	1
9	62	4
9	63	1
9	64	1
9	65	1
9	66	1
9	67	3
9	68	1
9	69	2
9	70	2
9	71	7
9	72	1
9	73	1
9	74	2
9	75	2
9	76	3
9	77	2
9	78	3
9	79	7
9	80	5
9	81	4
9	82	6
9	83	1
9	84	2
9	85	1
9	86	2
9	87	6
9	88	5
9	89	2
9	90	1
9	91	4
9	92	3
9	93	3
9	94	5
9	95	2
9	96	5
9	97	5
9	98	3
9	99	5
9	101	1
9	104	4
9	105	6
9	106	2
9	107	3
9	108	1
9	109	2
9	110	1
9	112	2
9	113	3
9	114	1
9	115	2
9	116	3
9	117	3
9	118	4
9	120	4
9	121	4
9	122	1
9	123	2
9	124	3
9	127	3
9	128	2
9	129	1
9	131	4
9	133	1
9	135	1
9	136	2
9	137	1
9	138	2
9	139	2
9	140	2
9	141	3
9	142	2
9	143	3
9	144	3
9	145	2
9	147	2
9	148	1
9	149	1
9	150	4
9	154	3
9	155	1
10	11	83
10	12	40
10	13	34
10	14	22
10	15	22
10	16	12
10	17	11
10	18	9
10	19	9
10	20	15
10	21	11
10	22	11
10	23	4
10	24	5
10	25	4
10	26	4
10	27	1
10	28	5
10	29	2
10	30	5
10	31	4
10	32	11
10	33	4
10	34	7
10	35	6
10	36	2
10	37	3
10	38	6
10	39	6
10	40	7
10	41	4
10	42	10
10	43	6
10	44	5
10	45	1
10	46	3
10	47	11
10	48	6
10	49	7
10	50	4
10	51	8
10	52	2
10	53	5
10	54	9
10	55	8
10	56	8
10	57	5
10	58	1
10	62	3
10	63	4
10	64	3
10	65	1
10	66	2
10	67	1
10	69	1
10	70	1
10	71	5
10	72	2
10	77	1
10	78	4
10	79	3
10	80	1
10	81	1
10	82	3
10	83	5
10	84	2
10	85	2
10	86	2
10	88	1
10	89	3
10	91	2
10	92	2
10	93	1
10	94	1
10	95	4
10	96	3
10	97	3
10	99	1
10	101	1
10	103	1
10	104	2
10	105	4
10	106	3
10	109	1
10	110	1
10	111	1
10	112	2
10	113	3
10	114	2
10	115	1
10	116	1
10	117	2
10	123	1
10	124	3
10	125	2
10	126	1
10	130	3
10	132	2
10	133	2
10	134	1
10	138	3
10	139	1
10	140	1
10	141	1
10	142	1
10	143	1
10	144	1
10	145	2
10	146	3
10	148	1
10	149	1
10	150	1
10	152	1
10	153	2
10	154	2
10	155	1
10	156	1
10	158	1
11	12	140
11	13	61
11	14	28
11	15	18
11	16	15
11	17	6
11	18	11
11	19	10
11	20	8
11	21	6
11	22	11
11	23	10
11	24	7
11	25	4
11	26	8
11	27	2
11	28	3
11	29	7
11	30	7
11	31	4
11	32	7
11	33	6
11	34	6
11	35	4
11	36	3
11	37	5
11	38	5
11	39	5
11	40	8
11	41	14
11	42	6
11	43	5
11	44	12
11	45	7
11	46	5
11	47	6
11	48	7
11	49	7
11	50	5
11	51	13
11	52	7
11	53	7
11	54	5
11	55	9
11	56	11
11	57	2
11	58	4
11	62	4
11	63	1
11	64	2
11	65	3
11	68	4
11	69	1
11	70	1
11	71	2
11	72	3
11	73	1
11	74	1
11	75	1
11	76	1
11	78	6
11	79	1
11	80	3
11	81	4
11	82	1
11	83	3
11	84	8
11	85	1
11	88	1
11	89	1
11	90	1
11	91	2
11	92	2
11	93	1
11	94	4
11	95	1
11	96	1
11	98	4
11	99	1
11	100	1
11	103	5
11	104	2
11	105	2
11	106	3
11	109	3
11	110	1
11	111	1
11	112	3
11	114	1
11	115	4
11	116	4
11	117	3
11	118	2
11	119	2
11	121	2
11	122	1
11	123	6
11	124	2
11	125	1
11	127	2
11	128	1
11	129	1
11	131	2
11	132	1
11	133	2
11	134	1
11	135	3
11	136	1
11	137	3
11	138	3
11	139	3
11	140	1
11	142	2
11	144	2
11	146	2
11	147	1
11	148	3
11	149	2
11	152	1
11	153	2
11	154	1
12	13	134
12	14	34
12	15	36
12	16	17
12	17	17
12	18	14
12	19	14
12	20	17
12	21	5
12	22	16
12	23	18
12	24	9
12	25	5
12	26	6
12	27	2
12	28	5
12	29	9
12	30	14
12	31	9
12	32	8
12	33	2
12	34	6
12	35	7
12	36	7
12	37	8
12	38	5
12	39	5
12	40	12
12	41	7
12	42	6
12	43	4
12	44	5
12	45	3
12	46	7
12	47	7
12	48	4
12	49	12
12	50	8
12	51	7
12	52	8
12	53	5
12	54	5
12	55	2
12	56	8
12	57	5
12	58	3
12	62	5
12	63	5
12	64	4
12	65	3
12	66	2
12	68	3
12	70	3
12	72	1
12	73	3
12	75	1
12	76	1
12	77	1
12	78	4
12	79	3
12	80	3
12	81	3
12	82	1
12	83	5
12	84	1
12	85	5
12	86	3
12	89	3
12	90	3
12	91	4
12	92	3
12	93	1
12	94	1
12	95	1
12	96	4
12	97	1
12	98	4
12	99	3
12	102	2
12	103	1
12	104	3
12	105	1
12	106	2
12	107	2
12	108	1
12	109	2
12	110	1
12	112	1
12	114	1
12	116	1
12	117	1
12	118	2
12	119	3
12	120	1
12	121	1
12	122	3
12	123	2
12	124	5
12	126	1
12	127	2
12	128	2
12	129	2
12	131	3
12	132	2
12	133	3
12	134	1
12	135	2
12	136	2
12	138	2
12	139	2
12	140	1
12	141	3
12	143	2
12	144	4
12	145	1
12	148	2
12	150	2
12	151	1
12	152	3
12	153	2
12	154	3
12	156	1
12	158	1
12	159	1
13	14	95
13	15	58
13	16	30
13	17	11
13	18	17
13	19	17
13	20	8
13	21	8
13	22	16
13	23	7
13	24	7
13	25	6
13	26	5
13	27	3
13	28	6
13	29	5
13	30	7
13	31	6
13	32	2
13	33	6
13	34	1
13	35	2
13	36	6
13	37	11
13	38	4
13	39	7
13	40	13
13	41	8
13	42	9
13	43	5
13	44	2
13	45	4
13	46	7
13	47	5
13	48	5
13	49	7
13	50	6
13	51	5
13	52	8
13	53	8
13	54	8
13	55	8
13	56	11
13	57	3
13	58	2
13	62	1
13	63	2
13	64	3
13	65	1
13	66	3
13	67	2
13	70	3
13	71	2
13	72	2
13	74	1
13	77	3
13	78	5
13	79	4
13	80	3
13	81	6
13	82	5
13	83	2
13	84	2
13	85	5
13	88	3
13	90	2
13	92	2
13	93	2
13	96	3
13	97	4
13	98	2
13	99	2
13	101	1
13	102	1
13	103	3
13	104	3
13	105	2
13	106	2
13	107	1
13	108	2
13	110	2
13	112	1
13	113	2
13	116	2
13	117	1
13	118	1
13	121	1
13	122	5
13	123	1
13	124	1
13	125	1
13	126	3
13	127	3
13	129	3
13	130	1
13	131	2
13	133	3
13	135	3
13	136	3
13	137	2
13	138	3
13	141	1
13	143	1
13	144	4
13	146	2
13	147	1
13	148	3
13	150	1
13	151	1
13	152	1
13	153	2
13	154	3
13	155	1
13	156	2
13	159	1
14	15	81
14	16	24
14	17	24
14	18	21
14	19	17
14	20	20
14	21	9
14	22	13
14	23	9
14	24	1
14	25	6
14	26	1
14	27	3
14	28	13
14	29	2
14	30	6
14	31	8
14	32	6
14	33	6
14	34	6
14	35	8
14	36	1
14	37	5
14	38	6
14	39	4
14	40	4
14	41	7
14	42	9
14	43	12
14	44	2
14	45	2
14	46	2
14	47	5
14	48	4
14	49	11
14	50	8
14	51	3
14	52	6
14	53	8
14	54	10
14	55	5
14	56	11
14	57	4
14	58	3
14	62	6
14	63	4
14	64	2
14	65	1
14	66	1
14	67	1
14	68	3
14	70	1
14	71	6
14	72	1
14	74	1
14	76	1
14	77	2
14	78	2
14	79	2
14	80	2
14	81	3
14	82	3
14	83	4
14	84	1
14	85	1
14	86	3
14	87	1
14	88	2
14	89	1
14	90	1
14	91	2
14	92	4
14	93	3
14	94	1
14	95	6
14	96	4
14	99	1
14	103	3
14	104	2
14	105	3
14	107	1
14	108	1
14	110	2
14	114	2
14	115	1
14	116	2
14	117	2
14	118	1
14	119	4
14	120	3
14	121	1
14	122	1
14	123	1
14	124	1
14	125	2
14	126	2
14	127	1
14	128	1
14	131	1
14	132	1
14	133	3
14	134	3
14	137	1
14	138	2
14	139	1
14	141	1
14	144	1
14	145	1
14	148	1
14	149	1
14	150	2
14	153	2
14	154	3
14	155	1
14	156	1
14	157	1
14	158	1
15	16	60
15	17	46
15	18	24
15	19	16
15	20	32
15	21	23
15	22	18
15	23	8
15	24	6
15	25	4
15	26	6
15	27	6
15	28	4
15	29	3
15	30	4
15	31	4
15	32	7
15	33	10
15	34	9
15	35	20
15	36	7
15	37	6
15	38	7
15	39	3
15	40	6
15	41	5
15	42	6
15	43	6
15	44	3
15	45	3
15	46	9
15	47	11
15	48	11
15	49	10
15	50	9
15	51	5
15	52	8
15	53	20
15	54	6
15	55	6
15	56	5
15	57	3
15	58	2
15	62	8
15	63	2
15	66	1
15	67	2
15	68	5
15	69	2
15	70	3
15	71	2
15	72	2
15	77	4
15	78	4
15	79	1
15	80	2
15	81	6
15	82	2
15	83	3
15	84	4
15	85	3
15	86	3
15	87	1
15	88	2
15	89	3
15	91	1
15	92	3
15	93	5
15	94	5
15	95	6
15	96	5
15	97	5
15	98	5
15	99	3
15	103	1
15	105	4
15	106	3
15	108	2
15	109	2
15	111	1
15	112	2
15	114	4
15	115	1
15	116	1
15	117	2
15	119	1
15	120	2
15	121	3
15	122	1
15	123	2
15	125	2
15	126	5
15	127	2
15	131	1
15	132	1
15	133	2
15	135	2
15	136	5
15	137	4
15	138	1
15	139	3
15	142	1
15	143	1
15	144	1
15	145	1
15	147	1
15	148	2
15	149	1
15	153	3
15	155	1
15	156	2
16	17	135
16	18	32
16	19	24
16	20	38
16	21	25
16	22	21
16	23	10
16	24	8
16	25	7
16	26	2
16	27	8
16	28	4
16	29	5
16	30	2
16	31	2
16	32	8
16	33	4
16	34	6
16	35	10
16	36	5
16	37	4
16	38	6
16	39	6
16	40	5
16	41	7
16	42	12
16	43	9
16	44	7
16	45	2
16	46	5
16	47	7
16	48	7
16	49	5
16	50	4
16	51	7
16	52	5
16	53	10
16	54	7
16	55	6
16	56	4
16	57	3
16	58	4
16	62	2
16	63	1
16	64	3
16	65	4
16	66	2
16	68	4
16	70	5
16	72	2
16	75	1
16	76	1
16	77	4
16	78	4
16	79	4
16	80	2
16	81	3
16	82	4
16	83	1
16	85	2
16	86	3
16	87	2
16	88	3
16	89	2
16	90	2
16	91	3
16	93	3
16	94	2
16	97	3
16	98	1
16	99	2
16	104	3
16	106	1
16	107	2
16	108	3
16	113	1
16	115	2
16	116	1
16	117	3
16	118	2
16	119	1
16	120	1
16	121	2
16	122	2
16	123	7
16	124	1
16	126	1
16	127	1
16	128	1
16	134	2
16	135	1
16	136	3
16	137	4
16	138	1
16	141	1
16	142	1
16	144	2
16	145	2
16	146	2
16	147	2
16	148	3
16	149	1
16	150	1
16	152	1
16	153	1
16	154	1
16	156	2
16	157	1
16	158	1
17	18	150
17	19	74
17	20	52
17	21	27
17	22	30
17	23	26
17	24	10
17	25	14
17	26	14
17	27	4
17	28	7
17	29	15
17	30	7
17	31	5
17	32	14
17	33	8
17	34	9
17	35	10
17	36	5
17	37	11
17	38	8
17	39	7
17	40	11
17	41	5
17	42	5
17	43	9
17	44	16
17	46	5
17	47	7
17	48	9
17	49	6
17	50	8
17	51	11
17	52	9
17	53	4
17	54	3
17	55	12
17	56	10
17	57	5
17	58	2
17	62	1
17	63	1
17	65	8
17	66	1
17	67	1
17	68	2
17	69	2
17	70	3
17	71	2
17	72	2
17	75	1
17	76	2
17	77	3
17	78	2
17	79	6
17	80	2
17	82	3
17	83	1
17	84	5
17	85	1
17	86	1
17	87	3
17	88	2
17	90	1
17	91	5
17	92	1
17	93	4
17	94	2
17	96	1
17	97	4
17	98	2
17	99	2
17	100	1
17	103	3
17	104	1
17	105	3
17	106	3
17	107	1
17	108	1
17	109	1
17	110	1
17	111	2
17	112	3
17	113	1
17	114	2
17	117	2
17	121	2
17	122	4
17	123	3
17	125	1
17	126	2
17	127	4
17	128	3
17	130	2
17	131	1
17	134	1
17	136	1
17	138	2
17	139	1
17	140	1
17	142	1
17	143	2
17	144	1
17	145	1
17	147	1
17	148	2
17	149	3
17	150	1
17	152	1
17	153	3
17	154	1
17	155	2
17	157	2
17	158	2
17	159	1
18	19	166
18	20	88
18	21	51
18	22	30
18	23	44
18	24	16
18	25	15
18	26	6
18	27	3
18	28	8
18	29	6
18	30	9
18	31	4
18	32	11
18	33	5
18	34	7
18	35	7
18	36	6
18	37	8
18	38	3
18	39	5
18	40	7
18	41	8
18	42	8
18	43	7
18	44	9
18	45	5
18	46	2
18	47	5
18	48	10
18	49	3
18	50	5
18	51	14
18	52	6
18	53	10
18	54	3
18	55	2
18	56	7
18	57	1
18	58	4
18	62	3
18	63	1
18	64	2
18	65	2
18	66	6
18	67	4
18	69	3
18	70	7
18	71	3
18	72	3
18	73	1
18	76	2
18	77	1
18	78	7
18	79	4
18	80	5
18	81	2
18	82	2
18	83	4
18	84	4
18	85	1
18	86	5
18	87	4
18	88	3
18	90	3
18	91	3
18	93	2
18	95	1
18	96	2
18	97	4
18	99	2
18	103	6
18	105	2
18	106	2
18	107	1
18	108	3
18	109	3
18	111	1
18	113	1
18	114	3
18	115	2
18	117	2
18	118	3
18	119	1
18	120	3
18	121	3
18	122	1
18	127	2
18	130	2
18	134	2
18	135	1
18	136	3
18	138	2
18	139	1
18	140	3
18	141	2
18	142	2
18	143	1
18	146	1
18	149	1
18	151	2
18	152	5
18	153	2
18	154	1
18	157	1
18	158	1
19	20	155
19	21	53
19	22	35
19	23	33
19	24	12
19	25	14
19	26	9
19	27	4
19	28	6
19	29	6
19	30	12
19	31	9
19	32	5
19	33	9
19	34	12
19	35	16
19	36	4
19	37	13
19	38	12
19	39	5
19	40	9
19	41	10
19	42	7
19	43	8
19	44	10
19	45	1
19	46	7
19	47	6
19	48	4
19	49	7
19	50	3
19	51	14
19	52	8
19	53	5
19	54	8
19	55	5
19	56	5
19	57	1
19	62	2
19	63	2
19	64	4
19	65	1
19	66	3
19	67	2
19	68	1
19	69	5
19	70	1
19	71	5
19	72	5
19	73	1
19	74	1
19	75	3
19	76	1
19	77	3
19	78	4
19	79	3
19	80	2
19	81	2
19	82	3
19	83	4
19	84	2
19	85	3
19	87	3
19	90	4
19	91	5
19	94	2
19	95	1
19	96	4
19	97	3
19	98	3
19	99	1
19	103	2
19	104	4
19	105	1
19	106	5
19	107	1
19	108	3
19	109	3
19	110	1
19	111	3
19	112	6
19	114	1
19	116	2
19	117	4
19	118	4
19	119	3
19	121	6
19	122	3
19	123	2
19	126	3
19	127	2
19	128	1
19	129	2
19	132	2
19	134	1
19	135	3
19	136	4
19	138	2
19	139	2
19	140	1
19	141	2
19	142	2
19	143	1
19	144	1
19	148	2
19	149	1
19	151	1
19	153	1
19	154	6
19	157	1
19	158	1
20	21	105
20	22	59
20	23	28
20	24	4
20	25	6
20	26	7
20	27	4
20	28	10
20	29	5
20	30	3
20	31	5
20	32	4
20	33	3
20	34	2
20	35	10
20	36	4
20	37	5
20	38	4
20	39	6
20	40	4
20	41	10
20	42	9
20	43	4
20	44	4
20	45	5
20	46	4
20	47	7
20	48	5
20	49	14
20	50	7
20	51	5
20	52	6
20	53	15
20	54	3
20	55	6
20	56	6
20	57	1
20	58	2
20	62	6
20	64	2
20	65	2
20	67	1
20	68	5
20	69	5
20	70	1
20	71	2
20	72	3
20	73	1
20	75	1
20	77	3
20	78	1
20	79	5
20	80	3
20	81	4
20	83	4
20	84	3
20	85	6
20	86	2
20	87	9
20	88	2
20	89	2
20	90	2
20	91	3
20	92	2
20	93	1
20	94	1
20	95	1
20	96	1
20	97	2
20	98	1
20	101	1
20	102	2
20	103	2
20	105	4
20	106	3
20	107	1
20	108	1
20	109	2
20	110	1
20	111	4
20	112	1
20	113	5
20	114	1
20	115	4
20	116	1
20	117	1
20	119	1
20	120	1
20	122	2
20	123	1
20	127	4
20	128	1
20	129	1
20	131	1
20	132	6
20	134	1
20	135	1
20	136	1
20	137	2
20	138	1
20	139	1
20	140	1
20	143	3
20	144	2
20	145	3
20	146	1
20	147	1
20	152	1
20	157	1
21	22	136
21	23	59
21	24	19
21	25	11
21	26	7
21	27	14
21	28	4
21	29	11
21	30	7
21	31	9
21	32	6
21	33	7
21	34	5
21	35	13
21	36	9
21	37	10
21	38	7
21	39	5
21	40	10
21	41	7
21	42	11
21	43	4
21	44	8
21	45	7
21	46	6
21	47	7
21	48	4
21	49	6
21	50	8
21	51	11
21	52	7
21	53	6
21	54	4
21	55	11
21	56	4
21	57	4
21	58	1
21	59	1
21	62	6
21	63	1
21	64	3
21	65	2
21	67	2
21	68	2
21	69	1
21	70	1
21	71	2
21	72	3
21	73	2
21	75	1
21	76	1
21	77	2
21	78	1
21	79	3
21	80	4
21	81	5
21	82	3
21	83	7
21	84	1
21	85	4
21	86	5
21	87	3
21	88	7
21	89	4
21	90	7
21	91	1
21	95	3
21	96	3
21	97	1
21	99	2
21	100	2
21	103	1
21	104	2
21	105	1
21	106	2
21	107	3
21	108	2
21	109	1
21	110	2
21	111	1
21	112	4
21	114	1
21	115	2
21	116	1
21	117	1
21	118	2
21	120	1
21	121	4
21	123	2
21	125	1
21	127	1
21	128	1
21	132	3
21	133	1
21	135	1
21	137	2
21	138	2
21	140	1
21	141	1
21	144	3
21	146	3
21	148	2
21	149	1
21	151	1
21	153	1
21	156	1
21	157	1
21	158	1
22	23	192
22	24	46
22	25	40
22	26	16
22	27	6
22	28	6
22	29	7
22	30	9
22	31	11
22	32	7
22	33	10
22	34	9
22	35	13
22	36	8
22	37	5
22	38	9
22	39	9
22	40	12
22	41	5
22	42	12
22	43	7
22	44	10
22	45	2
22	46	4
22	47	9
22	48	5
22	49	3
22	50	4
22	51	5
22	52	9
22	53	11
22	54	3
22	55	12
22	56	5
22	57	4
22	62	8
22	63	6
22	64	4
22	65	3
22	66	4
22	67	4
22	68	1
22	69	2
22	70	6
22	71	5
22	72	3
22	74	3
22	75	1
22	76	1
22	77	1
22	78	2
22	79	5
22	80	5
22	81	3
22	82	2
22	83	1
22	84	1
22	85	4
22	86	4
22	88	4
22	90	3
22	91	5
22	93	2
22	94	1
22	95	3
22	96	1
22	97	1
22	98	6
22	99	4
22	101	2
22	102	1
22	103	2
22	104	4
22	105	1
22	106	2
22	107	4
22	108	1
22	109	4
22	110	3
22	111	4
22	112	4
22	113	2
22	114	3
22	115	3
22	116	1
22	117	1
22	118	3
22	119	1
22	120	3
22	121	1
22	122	4
22	123	3
22	124	1
22	125	1
22	126	3
22	127	5
22	128	2
22	132	2
22	134	2
22	135	1
22	136	1
22	137	2
22	138	3
22	140	2
22	141	1
22	142	1
22	144	3
22	146	1
22	147	2
22	148	3
22	149	1
22	151	2
22	154	4
22	155	3
22	157	2
22	158	1
23	24	165
23	25	54
23	26	30
23	27	17
23	28	21
23	29	19
23	30	20
23	31	23
23	32	13
23	33	12
23	34	13
23	35	7
23	36	18
23	37	17
23	38	11
23	39	14
23	40	13
23	41	10
23	42	8
23	43	3
23	44	5
23	45	5
23	46	9
23	47	4
23	48	9
23	49	3
23	50	4
23	51	8
23	52	9
23	53	8
23	54	3
23	55	7
23	56	10
23	57	14
23	58	1
23	62	7
23	63	5
23	64	3
23	65	3
23	66	6
23	67	3
23	68	6
23	69	8
23	70	7
23	71	8
23	73	1
23	74	3
23	75	1
23	76	1
23	77	2
23	78	4
23	79	2
23	80	2
23	81	4
23	82	2
23	83	1
23	84	2
23	85	3
23	86	5
23	87	5
23	88	1
23	89	3
23	90	30
23	91	7
23	92	4
23	93	6
23	94	2
23	95	2
23	96	1
23	97	1
23	98	4
23	99	1
23	100	2
23	102	1
23	103	10
23	104	1
23	105	1
23	106	1
23	107	3
23	108	1
23	109	2
23	111	4
23	112	1
23	114	1
23	115	3
23	116	2
23	117	1
23	118	3
23	119	3
23	120	2
23	121	4
23	122	2
23	123	1
23	124	2
23	125	2
23	126	1
23	127	3
23	128	1
23	129	3
23	130	4
23	131	1
23	132	1
23	133	2
23	134	5
23	135	6
23	138	1
23	139	1
23	140	3
23	141	1
23	142	1
23	143	5
23	146	1
23	147	1
23	148	3
23	152	3
23	154	2
23	155	3
23	156	1
23	158	1
23	159	3
24	25	239
24	26	68
24	27	30
24	28	19
24	29	30
24	30	19
24	31	26
24	32	7
24	33	13
24	34	9
24	35	12
24	36	9
24	37	15
24	38	6
24	39	14
24	40	6
24	41	5
24	42	4
24	43	15
24	44	11
24	45	7
24	46	7
24	47	9
24	48	8
24	49	2
24	50	2
24	51	2
24	52	2
24	53	1
24	55	4
24	56	5
24	57	2
24	58	3
24	62	5
24	63	1
24	64	1
24	66	9
24	67	8
24	68	2
24	69	1
24	70	8
24	71	1
24	72	5
24	73	4
24	74	1
24	75	2
24	76	6
24	77	2
24	78	2
24	81	4
24	82	2
24	87	2
24	88	1
24	90	1
24	91	5
24	92	2
24	93	2
24	94	3
24	95	1
24	96	2
24	98	3
24	99	3
24	100	2
24	101	2
24	103	5
24	105	2
24	106	4
24	107	5
24	108	4
24	109	2
24	113	1
24	116	2
24	117	1
24	118	1
24	121	2
24	122	2
24	123	3
24	124	2
24	126	1
24	127	2
24	128	6
24	129	4
24	130	2
24	131	3
24	132	2
24	133	1
24	135	3
24	136	1
24	139	1
24	140	5
24	142	1
24	143	2
24	144	1
24	145	1
24	146	1
24	147	3
24	148	1
24	149	2
24	150	3
24	151	2
24	154	1
24	155	3
24	157	1
24	159	4
25	26	180
25	27	56
25	28	31
25	29	48
25	30	36
25	31	20
25	32	17
25	33	12
25	34	8
25	35	9
25	36	8
25	37	14
25	38	17
25	39	11
25	40	13
25	41	8
25	42	5
25	43	11
25	44	10
25	45	12
25	46	6
25	47	2
25	48	10
25	49	3
25	51	4
25	52	2
25	53	4
25	54	1
25	55	2
25	56	6
25	57	2
25	58	1
25	59	1
25	62	5
25	63	4
25	64	2
25	65	6
25	66	2
25	67	7
25	68	5
25	69	7
25	70	9
25	71	6
25	72	3
25	73	3
25	74	1
25	75	3
25	76	4
25	77	2
25	78	3
25	79	1
25	80	1
25	81	2
25	82	1
25	83	2
25	85	2
25	87	1
25	88	1
25	89	3
25	90	4
25	91	5
25	92	1
25	93	2
25	94	4
25	98	2
25	99	4
25	100	2
25	101	3
25	103	10
25	104	3
25	105	1
25	106	3
25	107	4
25	108	3
25	109	3
25	110	1
25	111	4
25	112	4
25	113	3
25	115	1
25	117	1
25	118	2
25	120	1
25	121	2
25	122	1
25	123	1
25	124	2
25	125	1
25	126	1
25	128	3
25	129	5
25	130	4
25	131	5
25	132	2
25	133	2
25	134	2
25	136	2
25	137	1
25	139	2
25	140	2
25	141	4
25	143	1
25	145	1
25	147	1
25	148	1
25	149	3
25	150	4
25	151	2
25	152	1
25	155	2
25	156	3
25	158	2
25	159	1
26	27	235
26	28	101
26	29	59
26	30	35
26	31	19
26	32	22
26	33	11
26	34	14
26	35	14
26	36	12
26	37	11
26	38	16
26	39	12
26	40	10
26	41	5
26	42	9
26	43	13
26	44	9
26	45	9
26	46	5
26	47	6
26	48	7
26	50	5
26	51	2
26	52	8
26	53	3
26	54	7
26	55	5
26	56	5
26	58	5
26	62	3
26	63	2
26	64	3
26	65	1
26	66	6
26	67	4
26	68	5
26	69	5
26	70	5
26	71	8
26	72	3
26	73	4
26	74	1
26	75	6
26	76	2
26	77	3
26	78	3
26	79	1
26	80	4
26	81	2
26	82	1
26	84	1
26	85	1
26	86	2
26	87	2
26	88	3
26	91	1
26	92	2
26	93	3
26	94	2
26	95	2
26	96	3
26	97	2
26	98	3
26	99	7
26	100	4
26	101	4
26	102	3
26	103	1
26	104	3
26	105	2
26	106	3
26	107	3
26	108	1
26	110	2
26	111	1
26	112	1
26	113	1
26	115	1
26	116	2
26	118	2
26	120	2
26	123	3
26	125	2
26	127	4
26	129	3
26	130	5
26	131	2
26	132	3
26	133	1
26	134	3
26	135	1
26	136	1
26	137	2
26	138	1
26	139	1
26	140	2
26	141	2
26	142	1
26	143	1
26	144	1
26	145	2
26	146	1
26	147	3
26	148	1
26	150	3
26	152	2
26	153	2
26	154	2
26	155	2
26	156	4
26	157	2
26	158	4
27	28	210
27	29	114
27	30	52
27	31	26
27	32	17
27	33	14
27	34	8
27	35	9
27	36	12
27	37	13
27	38	14
27	39	18
27	40	10
27	41	12
27	42	10
27	43	10
27	44	6
27	45	7
27	46	6
27	47	7
27	48	9
27	49	4
27	50	3
27	51	4
27	52	5
27	53	1
27	54	3
27	55	1
27	56	5
27	57	4
27	62	3
27	63	4
27	64	4
27	65	6
27	66	5
27	67	3
27	68	8
27	69	4
27	70	6
27	71	7
27	72	4
27	73	5
27	74	1
27	75	1
27	76	2
27	78	2
27	79	1
27	80	4
27	81	1
27	82	1
27	84	1
27	85	2
27	86	4
27	92	3
27	93	2
27	94	6
27	96	2
27	97	1
27	99	5
27	100	3
27	101	2
27	102	2
27	103	1
27	104	2
27	105	4
27	106	2
27	107	4
27	108	2
27	109	2
27	110	2
27	111	4
27	112	2
27	113	2
27	114	2
27	115	1
27	117	3
27	119	1
27	121	1
27	122	1
27	124	1
27	125	1
27	127	1
27	129	2
27	130	3
27	131	4
27	132	5
27	134	2
27	135	1
27	136	2
27	140	3
27	141	3
27	142	1
27	143	5
27	144	1
27	145	1
27	147	1
27	149	1
27	150	3
27	151	3
27	153	1
27	154	1
27	156	2
27	158	3
27	159	2
28	29	219
28	30	74
28	31	41
28	32	28
28	33	14
28	34	30
28	35	12
28	36	11
28	37	19
28	38	13
28	39	9
28	40	11
28	41	12
28	42	10
28	43	9
28	44	10
28	45	7
28	46	2
28	48	4
28	49	3
28	50	2
28	51	5
28	52	4
28	53	1
28	54	2
28	55	4
28	56	5
28	57	2
28	58	1
28	62	2
28	64	3
28	65	1
28	66	5
28	67	4
28	68	7
28	69	6
28	70	7
28	71	5
28	72	7
28	73	3
28	74	4
28	75	1
28	76	4
28	78	3
28	79	3
28	80	2
28	81	2
28	82	2
28	83	8
28	84	7
28	85	2
28	87	2
28	88	2
28	89	2
28	90	2
28	91	2
28	92	1
28	93	5
28	94	1
28	95	3
28	98	1
28	99	3
28	100	4
28	102	1
28	103	1
28	105	4
28	106	3
28	107	2
28	108	1
28	109	1
28	110	2
28	111	3
28	112	2
28	113	2
28	114	3
28	115	2
28	116	1
28	117	3
28	118	2
28	119	3
28	120	2
28	121	3
28	122	5
28	125	1
28	126	1
28	128	1
28	129	2
28	130	4
28	131	2
28	132	4
28	133	5
28	134	5
28	135	1
28	136	2
28	139	4
28	140	3
28	141	3
28	142	3
28	143	7
28	146	3
28	148	1
28	149	2
28	150	6
28	153	2
28	154	1
28	155	3
28	156	1
28	157	1
28	158	2
29	30	285
29	31	84
29	32	34
29	33	24
29	34	18
29	35	22
29	36	10
29	37	24
29	38	18
29	39	14
29	40	22
29	41	6
29	42	11
29	43	10
29	44	17
29	45	4
29	46	8
29	47	2
29	48	8
29	49	4
29	50	4
29	51	7
29	52	9
29	53	3
29	54	5
29	55	3
29	56	5
29	57	5
29	58	1
29	62	5
29	63	3
29	65	4
29	66	5
29	67	8
29	68	4
29	69	5
29	70	11
29	71	6
29	72	9
29	73	3
29	74	5
29	75	4
29	76	5
29	77	2
29	78	5
29	79	5
29	80	1
29	81	1
29	82	4
29	83	4
29	84	2
29	85	5
29	86	2
29	87	3
29	88	2
29	89	4
29	90	1
29	91	3
29	92	1
29	93	2
29	94	1
29	95	2
29	96	2
29	98	3
29	99	3
29	100	4
29	101	1
29	102	3
29	103	2
29	104	1
29	105	1
29	106	3
29	107	3
29	108	6
29	109	1
29	110	1
29	111	1
29	112	3
29	113	5
29	114	2
29	115	1
29	116	1
29	117	1
29	118	1
29	120	1
29	121	1
29	122	2
29	125	1
29	127	3
29	128	1
29	129	2
29	130	5
29	131	4
29	133	1
29	134	4
29	137	1
29	140	2
29	141	4
29	142	1
29	143	4
29	144	1
29	148	1
29	149	1
29	150	4
29	151	1
29	154	1
29	155	2
29	156	7
29	157	2
29	158	2
29	159	2
30	31	185
30	32	50
30	33	50
30	34	25
30	35	22
30	36	17
30	37	19
30	38	21
30	39	9
30	40	11
30	41	7
30	42	5
30	43	16
30	44	3
30	45	7
30	46	7
30	47	6
30	48	7
30	49	3
30	50	5
30	51	2
30	52	4
30	53	2
30	54	5
30	55	3
30	56	3
30	57	7
30	58	1
30	62	8
30	64	2
30	65	5
30	66	4
30	67	2
30	68	5
30	69	7
30	70	6
30	71	9
30	72	4
30	73	1
30	74	2
30	76	2
30	77	5
30	78	1
30	79	3
30	80	1
30	82	6
30	83	4
30	84	2
30	85	1
30	86	3
30	87	2
30	88	1
30	89	3
30	91	1
30	92	5
30	93	5
30	94	3
30	95	2
30	96	2
30	98	2
30	99	5
30	100	1
30	101	3
30	102	3
30	103	5
30	104	1
30	106	2
30	107	2
30	108	4
30	110	1
30	111	1
30	112	1
30	113	2
30	114	2
30	115	3
30	116	3
30	117	2
30	119	2
30	121	1
30	122	4
30	123	1
30	124	1
30	125	1
30	126	2
30	127	1
30	128	2
30	129	6
30	131	2
30	133	2
30	134	1
30	135	4
30	136	1
30	137	1
30	139	1
30	140	6
30	141	1
30	142	1
30	143	2
30	144	1
30	146	1
30	148	2
30	149	2
30	150	2
30	153	1
30	155	2
30	156	4
31	32	150
31	33	71
31	34	42
31	35	33
31	36	24
31	37	32
31	38	15
31	39	18
31	40	12
31	41	13
31	42	12
31	43	12
31	44	13
31	45	15
31	46	4
31	47	7
31	48	10
31	49	10
31	50	1
31	51	10
31	52	4
31	53	5
31	54	4
31	55	3
31	56	9
31	57	1
31	58	3
31	62	2
31	63	1
31	64	1
31	65	6
31	66	10
31	67	6
31	68	1
31	69	3
31	70	6
31	71	4
31	72	2
31	73	1
31	75	2
31	76	2
31	77	2
31	78	1
31	79	2
31	80	4
31	81	3
31	82	2
31	83	4
31	84	7
31	86	4
31	87	2
31	88	2
31	89	3
31	90	1
31	91	5
31	92	4
31	93	1
31	94	1
31	95	1
31	98	3
31	99	1
31	100	2
31	101	1
31	102	3
31	103	4
31	104	1
31	106	1
31	107	2
31	108	3
31	110	3
31	111	3
31	112	3
31	113	1
31	114	2
31	115	1
31	116	3
31	117	2
31	118	1
31	122	4
31	123	2
31	126	1
31	127	3
31	128	4
31	129	5
31	130	5
31	131	4
31	132	3
31	133	5
31	134	3
31	135	3
31	136	3
31	139	2
31	140	2
31	141	2
31	142	1
31	143	1
31	144	2
31	145	2
31	146	1
31	147	2
31	148	2
31	149	1
31	150	4
31	151	1
31	152	2
31	153	2
31	154	2
31	155	1
31	156	5
31	157	3
31	158	3
32	33	170
32	34	71
32	35	46
32	36	9
32	37	12
32	38	11
32	39	11
32	40	12
32	41	13
32	42	18
32	43	11
32	44	6
32	45	5
32	46	4
32	47	7
32	48	9
32	49	9
32	50	8
32	51	6
32	52	6
32	53	12
32	54	6
32	55	7
32	56	9
32	57	5
32	58	5
32	59	2
32	62	5
32	63	4
32	65	5
32	66	1
32	67	6
32	68	5
32	69	3
32	70	16
32	71	9
32	72	4
32	73	3
32	74	1
32	75	2
32	78	2
32	79	3
32	80	4
32	81	3
32	82	6
32	83	2
32	84	4
32	85	4
32	86	1
32	87	1
32	88	2
32	89	2
32	90	1
32	91	2
32	92	2
32	93	1
32	94	3
32	95	1
32	98	3
32	101	1
32	102	1
32	104	2
32	105	1
32	106	1
32	107	2
32	108	2
32	109	1
32	111	1
32	112	8
32	113	3
32	114	4
32	115	1
32	116	4
32	117	4
32	119	1
32	121	2
32	125	1
32	126	1
32	127	2
32	129	2
32	130	3
32	132	3
32	133	4
32	134	5
32	135	1
32	136	2
32	137	2
32	138	3
32	140	4
32	141	1
32	142	1
32	148	1
32	149	2
32	151	2
32	153	5
32	155	2
32	156	3
32	157	1
32	158	1
33	34	159
33	35	124
33	36	42
33	37	24
33	38	22
33	39	16
33	40	6
33	41	13
33	42	12
33	43	19
33	44	10
33	45	8
33	46	6
33	47	8
33	48	10
33	49	7
33	50	3
33	51	9
33	52	6
33	53	10
33	54	8
33	55	5
33	56	40
33	57	3
33	58	1
33	62	4
33	63	7
33	64	4
33	65	1
33	66	4
33	67	9
33	68	7
33	69	3
33	70	7
33	71	3
33	72	4
33	75	4
33	76	1
33	78	3
33	79	2
33	80	2
33	81	2
33	82	3
33	83	2
33	84	2
33	85	4
33	86	7
33	87	2
33	88	1
33	90	2
33	91	1
33	92	2
33	93	3
33	94	1
33	95	3
33	96	2
33	97	1
33	98	5
33	99	3
33	100	1
33	103	4
33	105	4
33	106	1
33	107	2
33	108	4
33	109	2
33	110	1
33	112	2
33	113	1
33	114	3
33	115	3
33	116	1
33	117	1
33	118	1
33	120	4
33	121	2
33	122	4
33	123	5
33	124	1
33	126	4
33	127	2
33	128	1
33	129	2
33	130	1
33	132	3
33	133	2
33	134	2
33	135	3
33	136	2
33	138	2
33	140	3
33	141	3
33	142	1
33	143	3
33	144	2
33	145	2
33	147	1
33	148	4
33	149	1
33	151	2
33	153	1
33	154	2
33	155	1
33	156	1
33	157	3
33	159	2
34	35	197
34	36	76
34	37	42
34	38	29
34	39	14
34	40	19
34	41	6
34	42	10
34	43	9
34	44	13
34	45	5
34	46	12
34	47	8
34	48	7
34	49	5
34	50	8
34	51	10
34	52	7
34	53	16
34	54	7
34	55	10
34	56	31
34	57	2
34	58	4
34	62	4
34	63	1
34	64	1
34	65	4
34	66	3
34	67	6
34	68	8
34	69	6
34	70	4
34	71	9
34	72	3
34	73	2
34	74	2
34	75	2
34	76	6
34	77	4
34	78	5
34	79	9
34	80	4
34	81	3
34	82	4
34	83	4
34	84	8
34	85	9
34	86	6
34	87	2
34	88	4
34	89	2
34	90	4
34	91	5
34	92	3
34	93	3
34	94	2
34	95	2
34	96	1
34	97	5
34	98	1
34	99	1
34	100	1
34	101	1
34	102	3
34	103	2
34	104	3
34	105	2
34	106	7
34	107	5
34	108	4
34	110	2
34	111	2
34	112	3
34	113	4
34	114	2
34	115	2
34	116	3
34	117	4
34	119	2
34	121	4
34	122	1
34	123	2
34	124	2
34	126	1
34	127	1
34	128	3
34	129	2
34	130	1
34	131	3
34	132	4
34	133	2
34	135	1
34	136	2
34	138	7
34	139	6
34	141	2
34	143	1
34	144	2
34	145	2
34	147	4
34	148	3
34	149	2
34	150	1
34	151	1
34	152	2
34	153	3
34	154	2
34	155	3
34	156	2
34	157	2
34	159	1
35	36	120
35	37	64
35	38	27
35	39	18
35	40	31
35	41	24
35	42	25
35	43	16
35	44	9
35	45	1
35	46	8
35	47	3
35	48	4
35	49	8
35	50	6
35	51	8
35	52	10
35	53	8
35	54	5
35	55	9
35	56	9
35	57	5
35	58	1
35	62	15
35	63	4
35	64	5
35	65	1
35	66	2
35	67	6
35	68	3
35	69	6
35	70	5
35	71	7
35	72	2
35	74	1
35	75	1
35	76	1
35	78	4
35	79	7
35	80	5
35	81	3
35	82	1
35	83	3
35	84	6
35	85	4
35	86	1
35	88	6
35	89	8
35	90	3
35	91	3
35	92	3
35	93	2
35	94	6
35	95	1
35	96	2
35	97	2
35	98	2
35	103	4
35	104	1
35	106	3
35	107	3
35	108	2
35	109	2
35	110	2
35	113	3
35	114	2
35	115	2
35	116	4
35	117	3
35	118	2
35	119	1
35	120	1
35	121	1
35	123	2
35	124	2
35	125	2
35	127	2
35	129	1
35	130	2
35	131	2
35	132	3
35	133	1
35	134	4
35	135	4
35	136	2
35	137	2
35	138	4
35	140	2
35	141	3
35	142	1
35	143	1
35	144	1
35	145	3
35	146	1
35	147	3
35	148	6
35	150	1
35	153	2
35	154	3
35	155	2
35	156	4
35	157	4
35	158	4
36	37	161
36	38	67
36	39	23
36	40	18
36	41	16
36	42	14
36	43	9
36	44	10
36	45	7
36	46	34
36	47	6
36	48	8
36	49	7
36	50	9
36	51	4
36	52	4
36	53	10
36	54	8
36	55	2
36	56	10
36	57	11
36	58	4
36	62	8
36	63	1
36	64	3
36	65	1
36	66	7
36	68	4
36	69	8
36	70	11
36	71	2
36	72	4
36	73	1
36	74	2
36	75	3
36	76	2
36	77	4
36	78	1
36	79	2
36	80	5
36	81	2
36	82	3
36	83	6
36	84	1
36	85	2
36	86	6
36	87	7
36	89	4
36	90	9
36	92	2
36	93	2
36	94	2
36	95	1
36	96	2
36	97	4
36	98	7
36	101	1
36	102	1
36	103	16
36	104	2
36	105	1
36	106	5
36	107	3
36	108	4
36	109	1
36	111	2
36	112	2
36	113	1
36	114	3
36	115	2
36	116	6
36	118	1
36	119	3
36	120	1
36	121	1
36	122	1
36	124	2
36	125	2
36	126	2
36	127	2
36	129	2
36	132	6
36	134	3
36	135	3
36	138	1
36	139	1
36	140	3
36	142	2
36	143	1
36	144	7
36	145	1
36	147	1
36	149	4
36	150	2
36	152	2
36	153	1
36	154	2
36	159	2
37	38	279
37	39	81
37	40	49
37	41	15
37	42	17
37	43	22
37	44	13
37	45	11
37	46	15
37	47	6
37	48	17
37	49	5
37	50	7
37	51	10
37	52	3
37	53	2
37	55	8
37	56	10
37	57	3
37	58	3
37	59	1
37	62	3
37	63	1
37	64	3
37	65	8
37	66	7
37	67	6
37	68	2
37	69	7
37	70	10
37	71	1
37	72	3
37	73	4
37	74	6
37	75	5
37	76	4
37	77	6
37	78	3
37	79	1
37	80	4
37	81	1
37	82	4
37	83	5
37	84	3
37	85	4
37	86	5
37	87	1
37	88	4
37	90	2
37	91	4
37	92	1
37	93	3
37	94	2
37	95	6
37	96	2
37	97	1
37	98	1
37	99	5
37	100	6
37	101	3
37	102	2
37	103	4
37	104	1
37	105	2
37	106	7
37	107	1
37	108	5
37	109	3
37	110	2
37	111	3
37	112	1
37	113	3
37	115	6
37	116	5
37	117	2
37	118	1
37	120	2
37	121	2
37	122	6
37	124	1
37	125	2
37	127	1
37	128	4
37	129	2
37	130	2
37	131	1
37	132	1
37	133	3
37	134	3
37	135	8
37	136	1
37	141	4
37	142	1
37	144	3
37	145	1
37	147	2
37	148	1
37	149	3
37	150	2
37	152	3
37	154	2
37	155	2
37	156	1
37	157	2
37	158	2
37	159	3
38	39	152
38	40	61
38	41	24
38	42	17
38	43	24
38	44	19
38	45	9
38	46	7
38	47	4
38	48	18
38	49	5
38	50	7
38	51	11
38	52	5
38	53	6
38	54	3
38	55	3
38	56	5
38	57	1
38	58	1
38	63	2
38	64	3
38	65	1
38	66	4
38	67	1
38	68	5
38	69	6
38	70	8
38	71	4
38	72	6
38	73	3
38	74	1
38	75	1
38	76	3
38	77	6
38	78	3
38	80	1
38	81	4
38	82	4
38	83	7
38	84	1
38	85	3
38	86	3
38	87	6
38	88	3
38	89	2
38	90	2
38	91	3
38	92	4
38	93	3
38	94	2
38	95	5
38	96	2
38	97	2
38	99	3
38	100	1
38	101	2
38	102	2
38	103	3
38	105	2
38	106	3
38	107	7
38	108	3
38	109	1
38	110	1
38	112	3
38	113	1
38	114	5
38	115	3
38	116	2
38	117	5
38	118	1
38	119	2
38	120	2
38	121	2
38	122	1
38	125	1
38	128	4
38	129	3
38	130	3
38	131	1
38	132	4
38	133	3
38	134	3
38	135	5
38	138	1
38	139	1
38	140	1
38	142	3
38	143	1
38	144	1
38	145	2
38	146	1
38	147	2
38	148	5
38	149	2
38	150	4
38	152	2
38	154	3
38	156	1
38	157	3
38	158	3
39	40	235
39	41	49
39	42	24
39	43	17
39	44	27
39	45	19
39	46	3
39	47	8
39	48	12
39	49	10
39	50	6
39	51	12
39	52	5
39	53	5
39	54	7
39	55	8
39	56	4
39	57	5
39	58	4
39	62	4
39	63	2
39	64	3
39	65	3
39	66	6
39	67	6
39	68	5
39	69	7
39	70	4
39	71	5
39	72	5
39	73	6
39	74	4
39	75	4
39	76	6
39	77	1
39	78	3
39	79	4
39	80	3
39	81	7
39	82	5
39	83	3
39	84	4
39	85	2
39	86	3
39	87	1
39	88	4
39	89	2
39	90	1
39	91	5
39	92	2
39	93	1
39	94	3
39	95	2
39	96	1
39	97	3
39	98	2
39	99	4
39	100	3
39	102	2
39	103	5
39	105	4
39	106	3
39	107	8
39	108	5
39	109	1
39	110	1
39	111	2
39	113	3
39	114	1
39	115	1
39	116	4
39	117	1
39	118	2
39	119	1
39	120	3
39	122	3
39	123	1
39	124	1
39	125	2
39	126	1
39	127	2
39	128	2
39	129	1
39	130	3
39	133	3
39	134	6
39	135	2
39	136	1
39	137	3
39	138	1
39	139	1
39	140	2
39	141	2
39	142	4
39	143	2
39	144	2
39	145	3
39	146	1
39	147	1
39	148	4
39	150	4
39	151	3
39	153	3
39	154	6
39	155	1
39	156	3
39	157	1
39	158	1
39	159	1
40	41	119
40	42	37
40	43	43
40	44	34
40	45	19
40	46	15
40	47	13
40	48	11
40	49	6
40	50	5
40	51	11
40	52	11
40	53	5
40	54	9
40	55	1
40	56	8
40	57	18
40	58	1
40	59	2
40	62	7
40	63	2
40	64	8
40	65	5
40	66	1
40	67	5
40	68	3
40	69	10
40	70	7
40	71	5
40	72	3
40	73	6
40	75	4
40	76	5
40	77	4
40	78	8
40	79	6
40	80	4
40	81	7
40	82	3
40	83	3
40	84	2
40	85	2
40	86	2
40	87	9
40	88	4
40	89	4
40	90	3
40	91	3
40	92	1
40	93	3
40	94	5
40	95	2
40	96	2
40	97	4
40	98	4
40	99	3
40	100	2
40	101	2
40	102	3
40	103	3
40	104	2
40	105	2
40	106	8
40	107	4
40	109	3
40	110	3
40	111	4
40	112	5
40	113	1
40	114	1
40	115	1
40	116	3
40	117	5
40	118	1
40	119	2
40	120	1
40	121	2
40	122	3
40	123	1
40	124	2
40	127	4
40	128	1
40	129	1
40	130	2
40	133	2
40	134	2
40	135	2
40	138	2
40	140	1
40	141	3
40	142	2
40	143	2
40	145	1
40	146	1
40	147	2
40	148	1
40	149	2
40	151	1
40	152	4
40	153	1
40	154	1
40	155	1
40	156	4
40	157	2
40	159	3
41	42	220
41	43	79
41	44	42
41	45	24
41	46	17
41	47	16
41	48	16
41	49	18
41	50	12
41	51	8
41	52	13
41	53	8
41	54	15
41	55	9
41	56	7
41	57	3
41	58	2
41	62	7
41	63	1
41	64	1
41	66	1
41	67	2
41	68	9
41	69	5
41	70	10
41	71	8
41	72	5
41	73	2
41	75	2
41	76	2
41	77	1
41	78	3
41	79	3
41	80	5
41	81	5
41	82	4
41	83	2
41	84	8
41	85	2
41	86	3
41	87	8
41	88	3
41	89	3
41	90	5
41	91	1
41	92	7
41	93	4
41	94	8
41	95	4
41	96	5
41	97	3
41	98	2
41	99	1
41	100	1
41	101	2
41	103	3
41	104	6
41	105	4
41	106	4
41	108	2
41	110	1
41	112	3
41	114	3
41	115	1
41	116	2
41	119	1
41	120	2
41	121	1
41	122	4
41	123	3
41	124	1
41	125	2
41	127	8
41	128	2
41	132	5
41	133	1
41	134	3
41	135	1
41	136	2
41	138	1
41	139	2
41	140	2
41	141	2
41	142	2
41	143	2
41	144	2
41	145	1
41	148	3
41	149	3
41	150	1
41	151	2
41	152	1
41	153	7
41	154	3
41	155	2
41	156	4
41	157	3
42	43	174
42	44	93
42	45	17
42	46	29
42	47	25
42	48	22
42	49	26
42	50	21
42	51	14
42	52	10
42	53	12
42	54	19
42	55	10
42	56	13
42	57	5
42	58	6
42	62	14
42	63	4
42	64	6
42	65	2
42	66	4
42	67	2
42	68	8
42	69	9
42	70	5
42	71	5
42	72	1
42	73	3
42	74	2
42	75	4
42	76	3
42	77	2
42	78	5
42	79	8
42	80	6
42	81	5
42	82	5
42	83	4
42	84	4
42	85	5
42	86	5
42	87	2
42	88	2
42	89	7
42	90	5
42	91	4
42	92	3
42	93	1
42	94	2
42	95	4
42	96	2
42	97	1
42	98	1
42	99	1
42	100	3
42	101	1
42	102	1
42	103	2
42	104	3
42	105	4
42	106	1
42	107	1
42	109	1
42	110	1
42	111	5
42	113	3
42	114	1
42	115	6
42	116	2
42	117	5
42	118	6
42	119	4
42	120	5
42	121	3
42	122	4
42	123	1
42	124	3
42	125	3
42	126	6
42	128	1
42	129	1
42	130	2
42	131	4
42	132	3
42	134	2
42	135	3
42	136	2
42	137	2
42	139	6
42	140	3
42	141	1
42	142	2
42	143	1
42	144	3
42	145	3
42	147	1
42	148	3
42	150	1
42	151	1
42	152	2
42	154	4
42	156	1
42	157	2
42	158	2
42	159	1
43	44	187
43	45	37
43	46	16
43	47	15
43	48	12
43	49	16
43	50	7
43	51	17
43	52	11
43	53	13
43	54	3
43	55	5
43	56	9
43	57	4
43	58	7
43	59	1
43	62	5
43	63	1
43	64	5
43	65	2
43	66	4
43	67	4
43	68	7
43	69	4
43	70	10
43	71	8
43	72	6
43	73	7
43	74	10
43	75	4
43	76	5
43	77	2
43	78	6
43	79	2
43	80	6
43	81	5
43	82	4
43	83	4
43	84	5
43	85	4
43	86	1
43	87	3
43	88	5
43	89	2
43	90	4
43	91	3
43	92	3
43	93	1
43	94	5
43	95	3
43	96	8
43	97	7
43	98	1
43	99	8
43	101	2
43	102	2
43	103	5
43	104	2
43	105	3
43	106	8
43	107	1
43	108	2
43	109	2
43	110	1
43	111	4
43	112	3
43	113	2
43	114	2
43	115	4
43	116	1
43	117	1
43	118	7
43	119	1
43	120	1
43	121	3
43	122	3
43	123	1
43	124	1
43	125	3
43	126	2
43	127	1
43	128	6
43	129	1
43	130	1
43	131	1
43	132	2
43	133	1
43	135	3
43	136	1
43	137	1
43	138	1
43	140	1
43	141	1
43	142	3
43	144	1
43	146	1
43	147	1
43	149	5
43	150	3
43	151	3
43	152	1
43	153	1
43	154	2
43	156	3
43	157	4
44	45	88
44	46	31
44	47	30
44	48	18
44	49	19
44	50	13
44	51	17
44	52	11
44	53	6
44	54	10
44	55	9
44	56	16
44	57	5
44	58	4
44	62	8
44	63	1
44	64	5
44	65	3
44	66	6
44	67	3
44	68	2
44	69	6
44	70	12
44	71	6
44	72	7
44	73	6
44	74	2
44	75	4
44	76	2
44	77	2
44	78	8
44	79	2
44	80	1
44	81	5
44	82	3
44	83	7
44	84	2
44	85	4
44	86	3
44	87	4
44	88	5
44	89	1
44	90	1
44	91	2
44	92	4
44	93	2
44	94	5
44	95	2
44	96	6
44	97	2
44	98	3
44	99	7
44	100	7
44	101	1
44	102	20
44	103	20
44	104	7
44	105	2
44	106	5
44	107	2
44	108	4
44	110	1
44	111	2
44	112	5
44	113	2
44	115	1
44	116	4
44	117	2
44	118	3
44	119	2
44	120	2
44	121	4
44	122	1
44	123	3
44	124	3
44	126	2
44	127	2
44	128	6
44	129	2
44	130	4
44	131	3
44	132	2
44	133	5
44	134	7
44	135	2
44	136	2
44	139	3
44	140	5
44	141	3
44	142	6
44	143	2
44	145	2
44	148	3
44	149	3
44	150	5
44	151	2
44	152	1
44	153	1
44	154	5
44	155	4
44	156	1
44	158	2
44	159	1
45	46	121
45	47	20
45	48	27
45	49	18
45	50	7
45	51	17
45	52	13
45	53	7
45	54	4
45	55	7
45	56	11
45	57	6
45	58	2
45	62	3
45	63	2
45	64	2
45	65	6
45	66	9
45	67	10
45	69	4
45	70	4
45	71	2
45	72	4
45	73	3
45	74	3
45	75	17
45	76	6
45	77	23
45	78	2
45	79	1
45	80	7
45	81	3
45	82	6
45	83	4
45	84	4
45	85	1
45	87	6
45	89	2
45	91	2
45	92	1
45	93	2
45	94	1
45	95	3
45	97	4
45	98	7
45	99	7
45	100	6
45	101	2
45	102	32
45	103	31
45	104	2
45	105	3
45	106	1
45	107	7
45	108	5
45	109	3
45	110	3
45	111	3
45	114	1
45	118	2
45	120	2
45	121	3
45	123	1
45	124	3
45	128	2
45	129	3
45	130	2
45	131	1
45	132	2
45	133	4
45	134	2
45	138	1
45	139	3
45	140	3
45	141	2
45	142	1
45	144	2
45	145	1
45	148	1
45	149	8
45	150	4
45	151	2
45	152	3
45	154	1
45	156	1
45	158	2
45	159	1
46	47	156
46	48	125
46	49	36
46	50	26
46	51	16
46	52	18
46	53	16
46	54	8
46	55	13
46	56	14
46	57	12
46	58	2
46	59	1
46	62	7
46	63	2
46	64	7
46	65	4
46	66	8
46	67	7
46	68	5
46	69	7
46	70	4
46	71	4
46	72	4
46	73	2
46	74	1
46	75	1
46	76	2
46	77	1
46	78	2
46	79	4
46	80	6
46	81	2
46	82	4
46	84	2
46	85	1
46	86	2
46	87	7
46	88	4
46	89	3
46	90	7
46	91	2
46	92	1
46	93	4
46	94	3
46	95	1
46	96	9
46	97	5
46	98	3
46	99	3
46	100	4
46	102	2
46	103	5
46	104	2
46	105	5
46	106	2
46	107	1
46	108	2
46	109	3
46	110	2
46	111	1
46	112	6
46	113	2
46	114	5
46	115	2
46	117	3
46	118	2
46	119	1
46	120	1
46	122	1
46	123	1
46	125	4
46	126	1
46	128	1
46	129	4
46	130	3
46	131	3
46	132	2
46	133	3
46	134	2
46	135	2
46	136	2
46	137	3
46	139	1
46	140	3
46	142	2
46	143	2
46	145	3
46	146	3
46	148	2
46	149	2
46	151	3
46	152	1
46	153	3
46	154	1
46	155	2
46	156	2
46	157	4
46	158	1
46	159	3
47	48	204
47	49	68
47	50	43
47	51	23
47	52	23
47	53	20
47	54	22
47	55	26
47	56	13
47	57	5
47	58	5
47	62	12
47	63	4
47	64	5
47	65	3
47	66	2
47	67	2
47	68	5
47	69	5
47	70	5
47	71	8
47	72	13
47	73	3
47	74	3
47	75	2
47	76	2
47	77	8
47	78	7
47	79	4
47	80	7
47	82	4
47	83	5
47	84	3
47	85	9
47	86	2
47	87	3
47	88	2
47	89	4
47	90	2
47	91	3
47	92	7
47	93	1
47	94	9
47	95	1
47	96	1
47	97	5
47	98	5
47	99	2
47	100	3
47	101	3
47	102	2
47	103	2
47	104	3
47	105	1
47	106	2
47	107	1
47	108	4
47	109	1
47	111	4
47	112	3
47	113	5
47	114	2
47	115	3
47	116	4
47	117	4
47	118	2
47	119	3
47	120	3
47	121	4
47	122	3
47	123	7
47	124	3
47	125	3
47	126	3
47	127	3
47	128	1
47	129	1
47	130	1
47	132	1
47	133	2
47	134	1
47	135	2
47	136	4
47	137	3
47	138	6
47	142	1
47	143	3
47	144	3
47	146	2
47	148	5
47	149	1
47	150	2
47	151	1
47	152	4
47	153	4
47	154	2
47	155	4
47	156	2
47	159	2
48	49	126
48	50	58
48	51	63
48	52	32
48	53	23
48	54	11
48	55	21
48	56	13
48	57	9
48	58	9
48	62	9
48	63	7
48	64	5
48	65	3
48	66	5
48	67	6
48	68	9
48	69	4
48	70	13
48	71	2
48	72	6
48	73	6
48	75	1
48	76	3
48	77	5
48	78	8
48	79	11
48	80	7
48	81	5
48	82	7
48	83	6
48	84	8
48	85	7
48	86	2
48	87	5
48	88	4
48	89	2
48	90	3
48	91	5
48	92	1
48	93	5
48	94	2
48	95	5
48	96	6
48	97	6
48	98	5
48	99	1
48	100	1
48	101	2
48	103	5
48	104	2
48	105	2
48	106	4
48	107	3
48	108	6
48	109	2
48	110	2
48	111	3
48	112	4
48	113	1
48	114	4
48	115	1
48	116	3
48	117	8
48	118	4
48	119	1
48	120	3
48	121	6
48	122	3
48	123	3
48	124	1
48	125	3
48	126	5
48	127	3
48	128	3
48	129	2
48	130	1
48	131	2
48	132	1
48	133	2
48	134	2
48	136	5
48	137	3
48	138	4
48	139	1
48	140	2
48	141	4
48	145	1
48	148	1
48	149	1
48	150	3
48	153	2
48	154	2
48	156	1
48	158	2
49	50	198
49	51	81
49	52	64
49	53	51
49	54	27
49	55	23
49	56	10
49	57	9
49	58	4
49	62	8
49	63	6
49	64	2
49	65	4
49	66	4
49	67	2
49	68	6
49	69	9
49	70	5
49	71	7
49	72	2
49	74	1
49	75	1
49	77	3
49	78	3
49	79	12
49	80	5
49	81	6
49	82	2
49	83	11
49	84	5
49	85	4
49	86	3
49	87	6
49	88	3
49	89	6
49	90	2
49	91	6
49	92	3
49	93	4
49	94	6
49	95	6
49	96	4
49	97	4
49	98	2
49	99	1
49	103	3
49	104	4
49	105	3
49	106	8
49	107	1
49	108	1
49	109	5
49	110	2
49	111	6
49	112	2
49	113	2
49	114	4
49	115	3
49	116	3
49	117	7
49	118	5
49	119	2
49	120	3
49	121	3
49	122	3
49	123	4
49	124	2
49	126	4
49	127	3
49	128	1
49	130	2
49	131	1
49	133	3
49	134	2
49	135	3
49	136	3
49	137	1
49	138	3
49	139	1
49	141	3
49	142	1
49	144	1
49	145	3
49	147	1
49	148	2
49	149	4
49	151	1
49	152	4
49	153	1
49	154	4
49	155	3
49	157	4
49	158	3
50	51	111
50	52	78
50	53	58
50	54	34
50	55	24
50	56	19
50	57	6
50	58	3
50	62	9
50	63	4
50	64	2
50	65	3
50	66	2
50	67	1
50	68	1
50	69	5
50	70	4
50	71	5
50	72	2
50	73	1
50	76	1
50	77	2
50	78	4
50	79	7
50	80	3
50	81	4
50	82	4
50	83	2
50	84	8
50	85	3
50	86	6
50	87	1
50	89	2
50	90	1
50	91	4
50	92	4
50	93	1
50	94	4
50	95	3
50	96	5
50	97	6
50	98	4
50	100	1
50	103	5
50	104	7
50	105	2
50	106	5
50	107	1
50	108	2
50	109	3
50	111	6
50	112	3
50	113	1
50	114	2
50	116	4
50	117	4
50	118	2
50	119	3
50	120	1
50	122	1
50	126	3
50	127	1
50	128	1
50	129	1
50	130	1
50	133	1
50	135	2
50	136	2
50	137	1
50	138	3
50	139	1
50	140	1
50	141	1
50	143	2
50	144	2
50	146	6
50	148	6
50	149	1
50	150	2
50	151	1
50	153	1
50	155	1
50	156	1
50	157	5
50	159	3
51	52	246
51	53	63
51	54	28
51	55	23
51	56	29
51	57	14
51	58	3
51	62	12
51	63	7
51	64	5
51	65	5
51	66	9
51	67	9
51	68	1
51	69	10
51	70	7
51	71	4
51	72	7
51	73	2
51	74	4
51	75	3
51	76	4
51	77	2
51	78	15
51	79	4
51	80	12
51	81	4
51	82	13
51	83	8
51	84	3
51	85	14
51	86	5
51	87	9
51	88	3
51	89	4
51	90	4
51	91	5
51	92	2
51	93	7
51	94	6
51	95	3
51	96	7
51	97	1
51	98	5
51	99	2
51	100	2
51	101	4
51	102	2
51	103	3
51	104	6
51	105	1
51	106	4
51	107	6
51	108	5
51	109	2
51	110	7
51	111	3
51	112	2
51	113	1
51	114	2
51	116	2
51	117	6
51	118	4
51	119	1
51	120	2
51	121	2
51	123	4
51	124	4
51	125	6
51	126	1
51	127	2
51	128	2
51	129	2
51	130	1
51	132	4
51	133	9
51	134	1
51	135	2
51	137	3
51	138	1
51	139	1
51	140	3
51	141	5
51	142	3
51	143	3
51	144	2
51	145	1
51	146	2
51	147	7
51	149	3
51	150	2
51	152	5
51	153	4
51	154	1
51	156	1
51	157	1
51	158	1
51	159	1
52	53	148
52	54	68
52	55	44
52	56	34
52	57	10
52	58	16
52	59	1
52	62	16
52	63	6
52	64	6
52	65	2
52	66	1
52	67	3
52	68	5
52	70	5
52	71	1
52	72	7
52	74	3
52	75	1
52	76	3
52	77	1
52	79	2
52	80	12
52	81	8
52	82	8
52	83	6
52	84	4
52	85	3
52	86	3
52	87	7
52	88	3
52	89	7
52	90	7
52	91	4
52	92	1
52	93	4
52	94	4
52	95	1
52	96	4
52	97	5
52	98	5
52	102	1
52	103	2
52	105	3
52	106	1
52	107	5
52	108	2
52	109	3
52	110	5
52	111	4
52	112	4
52	113	2
52	114	2
52	115	4
52	116	5
52	117	3
52	118	5
52	119	1
52	120	5
52	121	2
52	122	4
52	124	3
52	125	2
52	126	1
52	127	3
52	128	3
52	129	2
52	130	2
52	131	1
52	132	1
52	133	3
52	134	4
52	135	2
52	136	2
52	137	3
52	138	2
52	140	3
52	141	1
52	142	1
52	145	2
52	146	6
52	147	3
52	148	1
52	149	3
52	150	2
52	151	1
52	152	3
52	153	2
52	154	1
52	155	2
52	156	1
52	159	1
53	54	114
53	55	65
53	56	43
53	57	9
53	58	2
53	62	23
53	63	7
53	64	6
53	65	3
53	66	2
53	67	2
53	68	13
53	69	2
53	70	2
53	71	7
53	72	6
53	73	3
53	75	1
53	76	2
53	77	6
53	78	4
53	79	4
53	80	4
53	81	3
53	82	3
53	83	7
53	84	10
53	85	4
53	86	4
53	87	4
53	88	6
53	89	2
53	90	3
53	91	6
53	92	4
53	93	2
53	94	9
53	95	3
53	96	8
53	97	4
53	98	7
53	99	3
53	100	1
53	103	4
53	104	3
53	105	8
53	108	3
53	109	5
53	110	2
53	111	3
53	112	1
53	113	5
53	114	1
53	115	2
53	116	1
53	117	2
53	118	3
53	119	7
53	120	3
53	121	3
53	122	6
53	123	6
53	124	1
53	125	1
53	126	2
53	127	5
53	128	1
53	130	1
53	133	2
53	134	1
53	135	2
53	136	1
53	137	2
53	138	3
53	139	1
53	140	1
53	143	1
53	144	2
53	145	2
53	146	4
53	147	6
53	148	6
53	149	1
53	153	2
53	154	1
53	155	2
53	156	1
53	157	5
53	158	1
54	55	116
54	56	54
54	57	19
54	58	4
54	62	16
54	63	6
54	64	9
54	65	5
54	66	4
54	67	3
54	68	6
54	69	5
54	70	5
54	71	6
54	72	4
54	74	1
54	76	1
54	77	2
54	78	2
54	79	8
54	80	3
54	81	2
54	82	6
54	83	4
54	84	4
54	85	8
54	86	7
54	87	2
54	88	3
54	89	3
54	90	1
54	91	4
54	92	7
54	93	2
54	94	2
54	95	7
54	96	4
54	97	5
54	98	2
54	99	1
54	102	2
54	103	3
54	105	3
54	106	2
54	107	2
54	109	3
54	110	4
54	111	4
54	112	2
54	113	5
54	114	1
54	115	6
54	116	1
54	117	3
54	118	3
54	119	1
54	120	1
54	121	2
54	122	4
54	123	2
54	124	2
54	125	1
54	126	2
54	127	2
54	128	3
54	129	2
54	131	1
54	133	4
54	134	3
54	136	4
54	137	9
54	138	1
54	139	1
54	141	2
54	143	2
54	144	1
54	145	4
54	147	3
54	148	3
54	149	1
54	153	1
54	154	3
54	155	2
54	156	1
54	157	1
54	158	3
54	159	1
55	56	150
55	57	37
55	58	18
55	62	33
55	63	9
55	64	8
55	65	4
55	66	6
55	67	3
55	68	6
55	69	4
55	70	8
55	71	8
55	72	5
55	73	1
55	74	1
55	75	2
55	76	1
55	77	2
55	78	7
55	79	3
55	80	6
55	81	5
55	82	6
55	83	4
55	85	6
55	86	6
55	87	4
55	88	3
55	89	7
55	90	11
55	91	3
55	92	1
55	93	3
55	94	2
55	95	1
55	96	11
55	97	7
55	98	11
55	99	5
55	101	1
55	103	1
55	104	5
55	105	1
55	106	1
55	108	4
55	109	2
55	111	2
55	112	5
55	113	2
55	114	2
55	115	1
55	116	6
55	117	2
55	118	4
55	119	5
55	120	2
55	121	2
55	122	2
55	123	4
55	124	2
55	125	2
55	126	6
55	127	4
55	128	1
55	132	1
55	133	1
55	135	1
55	137	7
55	138	2
55	139	2
55	140	3
55	141	3
55	142	3
55	143	1
55	144	2
55	145	3
55	146	2
55	147	4
55	148	4
55	149	1
55	150	3
55	152	1
55	153	2
55	154	4
55	155	4
55	156	1
55	158	2
56	57	111
56	58	35
56	59	4
56	62	55
56	63	21
56	64	27
56	65	16
56	66	5
56	67	13
56	68	8
56	69	7
56	70	5
56	71	8
56	72	7
56	73	3
56	75	3
56	76	5
56	77	3
56	78	8
56	79	4
56	80	8
56	81	3
56	82	5
56	83	11
56	84	5
56	85	2
56	86	6
56	87	3
56	88	5
56	89	7
56	90	4
56	91	7
56	92	4
56	93	2
56	94	3
56	95	2
56	96	7
56	97	4
56	98	5
56	99	1
56	100	1
56	101	1
56	103	6
56	104	2
56	105	5
56	106	4
56	107	6
56	108	5
56	109	4
56	110	2
56	111	4
56	112	5
56	113	7
56	114	4
56	115	3
56	116	5
56	117	2
56	118	3
56	120	1
56	121	3
56	122	4
56	123	3
56	124	1
56	125	4
56	127	4
56	128	1
56	129	4
56	130	1
56	131	2
56	133	2
56	134	2
56	135	2
56	136	4
56	137	4
56	138	2
56	139	3
56	141	2
56	143	3
56	144	3
56	145	1
56	146	4
56	147	6
56	148	2
56	149	4
56	150	1
56	152	4
56	153	1
56	154	1
56	155	1
56	157	6
56	158	1
56	159	1
57	58	98
57	59	8
57	62	112
57	63	283
57	64	29
57	65	20
57	66	8
57	67	6
57	68	4
57	69	3
57	70	6
57	71	4
57	72	7
57	73	4
57	74	3
57	75	1
57	76	1
57	77	2
57	78	11
57	79	9
57	80	3
57	81	5
57	82	2
57	83	5
57	84	3
57	85	6
57	86	2
57	87	3
57	88	3
57	89	3
57	90	6
57	91	2
57	92	3
57	93	2
57	94	3
57	95	2
57	96	5
57	97	10
57	98	4
57	99	4
57	100	1
57	103	3
57	104	4
57	105	3
57	106	3
57	108	3
57	109	1
57	110	2
57	111	3
57	112	3
57	113	2
57	114	4
57	115	3
57	116	1
57	117	1
57	118	4
57	119	2
57	120	1
57	121	3
57	123	1
57	124	2
57	125	2
57	126	2
57	127	1
57	128	1
57	129	1
57	131	1
57	133	3
57	136	4
57	138	3
57	139	2
57	142	1
57	143	1
57	144	2
57	145	1
57	146	1
57	147	1
57	148	1
57	149	1
57	151	2
57	153	1
57	154	3
57	155	1
57	156	1
57	157	1
57	158	1
57	159	1
58	59	5
58	62	79
58	63	236
58	64	24
58	65	6
58	66	6
58	67	4
58	68	8
58	69	4
58	70	2
58	71	3
58	72	4
58	73	2
58	77	3
58	78	5
58	79	4
58	80	4
58	81	2
58	82	3
58	83	2
58	84	1
58	85	2
58	86	1
58	87	3
58	88	1
58	90	1
58	91	2
58	92	2
58	94	5
58	95	1
58	98	2
58	99	3
58	100	1
58	102	2
58	103	8
58	104	2
58	106	1
58	107	2
58	110	2
58	111	6
58	112	4
58	113	2
58	114	5
58	116	2
58	117	4
58	118	3
58	119	2
58	120	2
58	122	3
58	123	4
58	125	1
58	126	1
58	127	2
58	128	2
58	130	1
58	131	1
58	133	2
58	134	1
58	135	2
58	136	1
58	137	4
58	138	3
58	139	1
58	140	1
58	141	2
58	144	1
58	145	3
58	146	1
58	148	1
58	149	1
58	154	1
58	156	1
58	157	3
59	62	1
59	63	2
59	68	1
59	72	1
59	81	1
59	95	2
59	96	2
59	104	1
59	138	1
62	63	119
62	64	93
62	65	30
62	66	16
62	67	14
62	68	21
62	69	10
62	70	11
62	71	21
62	72	6
62	73	6
62	74	3
62	75	2
62	76	9
62	77	2
62	78	8
62	79	14
62	80	5
62	81	12
62	82	2
62	83	7
62	84	8
62	85	4
62	86	2
62	87	8
62	88	4
62	89	5
62	90	1
62	91	7
62	92	4
62	93	3
62	94	4
62	95	7
62	96	6
62	97	6
62	98	8
62	99	3
62	100	2
62	101	1
62	102	1
62	103	2
62	104	7
62	105	3
62	106	12
62	107	5
62	109	6
62	110	3
62	111	3
62	112	5
62	113	4
62	114	1
62	115	3
62	116	2
62	117	2
62	118	5
62	119	1
62	120	1
62	121	4
62	122	4
62	123	3
62	124	6
62	125	3
62	126	3
62	127	6
62	128	6
62	130	2
62	131	1
62	132	2
62	133	4
62	135	2
62	136	2
62	137	5
62	138	4
62	139	4
62	141	4
62	142	1
62	143	3
62	144	2
62	145	4
62	146	2
62	148	2
62	149	1
62	150	5
62	151	2
62	152	3
62	153	5
62	154	8
62	155	5
62	156	3
62	158	4
62	159	2
63	64	155
63	65	27
63	66	12
63	67	5
63	68	9
63	69	8
63	70	9
63	71	6
63	72	7
63	73	2
63	74	1
63	76	1
63	77	5
63	78	4
63	79	4
63	80	4
63	81	5
63	82	7
63	83	6
63	84	1
63	85	5
63	86	3
63	87	5
63	88	4
63	90	5
63	91	2
63	92	2
63	93	7
63	94	4
63	95	7
63	96	2
63	97	6
63	98	1
63	99	1
63	100	2
63	103	3
63	104	2
63	105	2
63	106	4
63	107	7
63	108	5
63	109	3
63	110	2
63	111	1
63	113	2
63	114	2
63	115	1
63	117	1
63	118	3
63	119	3
63	120	6
63	121	4
63	123	1
63	124	1
63	125	3
63	126	2
63	127	1
63	128	2
63	129	1
63	130	3
63	131	1
63	132	3
63	133	2
63	134	2
63	136	4
63	137	3
63	138	4
63	139	2
63	140	1
63	141	1
63	142	1
63	143	3
63	144	2
63	145	2
63	146	2
63	147	1
63	148	2
63	150	3
63	151	1
63	152	1
63	153	2
63	154	2
63	155	1
63	156	3
63	157	2
63	158	1
64	65	90
64	66	25
64	67	12
64	68	1
64	69	5
64	70	5
64	71	4
64	72	9
64	73	4
64	76	4
64	77	4
64	78	6
64	79	3
64	80	11
64	81	3
64	82	2
64	83	4
64	84	3
64	85	5
64	86	4
64	87	3
64	88	2
64	89	3
64	90	4
64	91	2
64	92	7
64	93	5
64	94	5
64	95	1
64	96	6
64	97	2
64	98	4
64	99	5
64	100	4
64	101	2
64	103	6
64	104	3
64	105	6
64	106	4
64	107	3
64	108	5
64	109	1
64	110	2
64	111	5
64	112	6
64	113	2
64	114	1
64	115	5
64	116	2
64	117	2
64	119	1
64	120	5
64	121	5
64	123	4
64	124	2
64	125	1
64	126	1
64	127	1
64	128	3
64	130	1
64	131	1
64	132	2
64	134	2
64	136	5
64	137	1
64	138	4
64	139	2
64	140	1
64	141	2
64	142	1
64	143	2
64	144	2
64	145	1
64	146	2
64	147	3
64	148	3
64	149	3
64	150	3
64	151	1
64	152	4
64	153	3
64	154	2
64	155	2
64	157	1
64	159	2
65	66	105
65	67	20
65	68	13
65	69	11
65	70	14
65	71	9
65	72	15
65	73	4
65	74	6
65	75	1
65	76	3
65	78	9
65	79	3
65	80	9
65	81	6
65	82	1
65	83	2
65	84	2
65	85	3
65	86	3
65	87	4
65	88	5
65	89	1
65	90	2
65	91	2
65	92	5
65	93	6
65	94	3
65	95	5
65	96	4
65	97	1
65	98	5
65	99	3
65	101	1
65	102	1
65	103	3
65	104	3
65	105	5
65	107	3
65	108	5
65	109	1
65	111	1
65	112	2
65	114	1
65	115	5
65	116	1
65	117	3
65	118	1
65	119	1
65	120	5
65	121	2
65	122	2
65	125	1
65	126	2
65	127	13
65	128	2
65	129	1
65	130	4
65	131	3
65	132	1
65	133	2
65	134	1
65	135	2
65	136	4
65	138	3
65	139	3
65	140	1
65	141	3
65	142	4
65	143	5
65	144	1
65	146	2
65	148	7
65	149	4
65	150	1
65	151	1
65	152	4
65	153	2
65	154	1
65	155	4
65	158	4
65	159	2
66	67	91
66	68	20
66	69	22
66	70	38
66	71	14
66	72	33
66	73	15
66	74	15
66	75	7
66	76	14
66	77	10
66	78	13
66	79	8
66	80	5
66	81	9
66	82	4
66	83	1
66	84	5
66	86	2
66	87	5
66	88	4
66	89	1
66	90	1
66	91	1
66	92	3
66	93	7
66	94	5
66	96	2
66	97	2
66	98	4
66	99	9
66	100	6
66	101	2
66	102	3
66	103	7
66	104	2
66	105	3
66	106	5
66	107	2
66	108	3
66	109	1
66	110	2
66	111	1
66	112	1
66	113	1
66	114	2
66	115	1
66	116	2
66	117	1
66	118	3
66	119	3
66	120	1
66	121	2
66	122	1
66	123	4
66	124	1
66	125	3
66	126	3
66	128	1
66	129	3
66	130	2
66	131	4
66	132	2
66	133	4
66	134	2
66	135	4
66	136	3
66	138	2
66	139	8
66	140	1
66	141	3
66	142	2
66	143	1
66	144	2
66	145	1
66	146	2
66	147	1
66	148	1
66	149	3
66	150	5
66	151	2
66	154	1
66	155	2
66	156	3
66	157	3
66	158	3
66	159	1
67	68	183
67	69	112
67	70	105
67	71	66
67	72	219
67	73	21
67	74	9
67	75	16
67	76	9
67	77	17
67	78	9
67	79	8
67	80	8
67	81	3
67	82	9
67	83	4
67	84	6
67	85	1
67	86	3
67	87	6
67	88	2
67	89	2
67	90	6
67	91	5
67	92	5
67	93	1
67	94	4
67	95	2
67	96	5
67	97	4
67	99	10
67	100	5
67	101	2
67	102	23
67	103	8
67	104	2
67	105	2
67	106	4
67	107	5
67	108	2
67	110	1
67	111	4
67	112	4
67	113	6
67	114	3
67	115	2
67	116	2
67	117	6
67	118	1
67	119	3
67	120	2
67	121	2
67	122	5
67	123	3
67	124	8
67	125	3
67	126	1
67	127	2
67	128	4
67	129	4
67	130	5
67	131	9
67	132	4
67	133	5
67	134	6
67	135	5
67	136	2
67	137	3
67	138	1
67	139	3
67	140	4
67	141	5
67	142	2
67	143	4
67	144	2
67	145	4
67	146	1
67	147	3
67	149	4
67	150	1
67	151	2
67	152	6
67	153	2
67	154	6
67	155	2
67	156	3
67	157	3
67	158	1
67	159	2
68	69	263
68	70	155
68	71	107
68	72	77
68	73	15
68	74	5
68	75	9
68	76	4
68	77	7
68	78	10
68	79	7
68	80	5
68	81	7
68	82	5
68	83	8
68	84	7
68	85	9
68	86	3
68	87	2
68	88	9
68	89	2
68	90	4
68	91	2
68	92	4
68	93	2
68	94	2
68	95	3
68	96	5
68	97	5
68	98	3
68	99	5
68	100	2
68	101	2
68	102	2
68	103	5
68	104	5
68	105	5
68	106	9
68	107	12
68	108	11
68	109	4
68	110	2
68	111	4
68	112	4
68	113	2
68	114	3
68	115	7
68	116	4
68	117	7
68	118	3
68	119	2
68	120	6
68	121	2
68	122	7
68	123	3
68	124	5
68	125	1
68	126	1
68	128	2
68	129	2
68	131	4
68	132	5
68	133	4
68	134	5
68	135	1
68	136	4
68	137	1
68	138	1
68	139	4
68	140	5
68	141	11
68	142	7
68	143	4
68	144	2
68	145	3
68	146	2
68	147	1
68	148	1
68	149	3
68	150	3
68	151	4
68	152	4
68	153	2
68	154	3
68	155	3
68	156	6
68	157	4
68	158	7
68	159	2
69	70	282
69	71	54
69	72	47
69	73	19
69	74	9
69	75	6
69	76	6
69	77	6
69	78	7
69	79	4
69	80	4
69	81	5
69	82	5
69	83	5
69	84	3
69	85	1
69	87	1
69	88	2
69	89	1
69	90	2
69	91	4
69	92	2
69	93	4
69	94	6
69	95	6
69	96	2
69	97	3
69	98	2
69	99	3
69	100	4
69	102	6
69	103	4
69	105	2
69	106	7
69	107	6
69	108	3
69	109	3
69	110	1
69	111	6
69	113	2
69	115	1
69	116	2
69	117	10
69	118	1
69	119	2
69	120	5
69	121	2
69	122	1
69	123	1
69	124	2
69	125	3
69	126	2
69	127	3
69	128	2
69	129	2
69	130	4
69	131	2
69	132	3
69	133	4
69	134	9
69	135	2
69	136	4
69	137	1
69	138	1
69	139	1
69	140	2
69	141	4
69	142	5
69	143	4
69	144	1
69	145	3
69	146	3
69	147	1
69	150	6
69	151	7
69	152	2
69	153	5
69	154	4
69	155	2
69	156	3
69	157	3
69	158	4
69	159	3
70	71	121
70	72	98
70	73	35
70	74	14
70	75	13
70	76	10
70	77	6
70	78	12
70	79	11
70	80	11
70	81	9
70	82	13
70	83	4
70	84	4
70	85	5
70	86	3
70	87	5
70	88	3
70	90	1
70	91	7
70	92	7
70	93	4
70	94	5
70	95	4
70	96	5
70	97	4
70	98	5
70	99	8
70	100	4
70	101	2
70	102	3
70	103	8
70	104	4
70	105	4
70	106	4
70	107	7
70	108	7
70	109	6
70	110	1
70	111	6
70	112	3
70	113	4
70	114	1
70	115	6
70	116	5
70	117	2
70	118	5
70	119	2
70	120	3
70	121	7
70	122	3
70	123	3
70	124	1
70	125	4
70	126	2
70	127	2
70	128	4
70	129	8
70	130	7
70	131	4
70	132	5
70	133	4
70	134	3
70	135	2
70	136	3
70	137	2
70	138	1
70	139	5
70	140	4
70	141	2
70	142	5
70	143	2
70	144	4
70	145	4
70	146	2
70	148	1
70	149	2
70	150	5
70	152	3
70	153	2
70	154	2
70	155	3
70	156	5
70	157	7
70	158	7
70	159	4
71	72	195
71	73	14
71	74	4
71	75	10
71	76	6
71	77	6
71	78	13
71	79	9
71	80	4
71	81	7
71	82	9
71	83	7
71	84	18
71	85	11
71	86	6
71	87	4
71	88	6
71	89	1
71	90	4
71	91	4
71	92	3
71	93	4
71	94	6
71	95	9
71	96	5
71	97	5
71	98	5
71	99	6
71	100	2
71	101	2
71	102	3
71	103	1
71	104	5
71	105	3
71	106	4
71	107	5
71	108	3
71	109	8
71	110	12
71	111	3
71	113	5
71	114	2
71	115	1
71	116	3
71	117	7
71	118	8
71	119	7
71	120	4
71	121	3
71	122	6
71	123	3
71	124	7
71	125	1
71	126	3
71	127	4
71	128	1
71	129	1
71	130	3
71	131	3
71	132	3
71	133	7
71	134	2
71	135	1
71	136	3
71	137	4
71	138	2
71	139	3
71	140	3
71	141	6
71	142	6
71	143	3
71	144	3
71	145	2
71	146	3
71	147	2
71	148	3
71	149	2
71	150	4
71	151	2
71	152	3
71	153	6
71	154	3
71	155	3
71	156	3
71	158	5
71	159	1
72	73	74
72	74	26
72	75	42
72	76	11
72	77	24
72	78	7
72	79	4
72	80	11
72	81	3
72	82	4
72	83	3
72	84	3
72	85	4
72	86	2
72	87	5
72	88	4
72	89	8
72	90	2
72	91	5
72	92	4
72	93	3
72	94	2
72	95	4
72	96	4
72	97	4
72	98	8
72	99	11
72	100	3
72	101	1
72	102	14
72	103	9
72	104	3
72	105	7
72	106	5
72	107	7
72	108	4
72	109	2
72	110	1
72	111	7
72	112	1
72	113	3
72	115	2
72	116	2
72	117	4
72	118	6
72	119	4
72	120	2
72	121	2
72	122	2
72	123	1
72	124	7
72	125	3
72	126	4
72	127	5
72	128	1
72	129	3
72	130	7
72	131	3
72	132	9
72	133	4
72	134	3
72	135	1
72	136	3
72	137	3
72	138	2
72	139	1
72	140	3
72	141	4
72	142	4
72	143	6
72	144	4
72	146	2
72	147	1
72	148	6
72	149	2
72	150	6
72	151	2
72	152	5
72	153	5
72	154	2
72	155	4
72	156	4
72	157	8
72	158	2
72	159	4
73	74	318
73	75	649
73	76	43
73	77	67
73	78	7
73	79	3
73	80	3
73	81	4
73	82	4
73	83	2
73	84	2
73	85	2
73	87	4
73	88	4
73	90	3
73	91	2
73	92	2
73	93	2
73	94	3
73	96	3
73	97	6
73	98	4
73	99	7
73	100	21
73	101	4
73	102	7
73	103	4
73	104	2
73	105	4
73	106	2
73	107	3
73	108	6
73	109	2
73	110	1
73	111	2
73	112	4
73	113	1
73	114	1
73	115	2
73	116	1
73	118	1
73	121	1
73	122	1
73	123	1
73	126	3
73	127	1
73	128	4
73	129	10
73	130	6
73	131	6
73	133	3
73	134	3
73	136	3
73	137	1
73	139	2
73	140	3
73	141	2
73	142	2
73	143	2
73	148	1
73	149	2
73	150	2
73	151	5
73	152	4
73	153	1
73	154	2
73	155	2
73	156	3
73	157	7
73	158	2
73	159	1
74	75	441
74	76	53
74	77	26
74	78	5
74	79	4
74	80	4
74	81	6
74	82	1
74	84	4
74	85	1
74	87	1
74	88	2
74	89	1
74	91	2
74	92	2
74	93	2
74	94	2
74	95	1
74	97	1
74	98	3
74	99	4
74	100	23
74	101	5
74	102	6
74	103	1
74	105	4
74	106	5
74	107	3
74	108	1
74	109	1
74	110	2
74	112	1
74	113	1
74	114	1
74	116	1
74	119	1
74	120	1
74	123	1
74	125	1
74	128	4
74	129	4
74	130	2
74	131	7
74	132	2
74	133	1
74	134	1
74	135	1
74	139	2
74	140	4
74	141	1
74	142	1
74	143	1
74	146	1
74	147	1
74	148	2
74	149	1
74	150	1
74	151	3
74	152	2
74	153	1
74	154	3
74	155	1
74	156	2
74	157	1
74	158	2
74	159	2
75	76	134
75	77	141
75	78	16
75	79	2
75	80	7
75	81	1
75	82	4
75	83	2
75	84	2
75	86	1
75	87	3
75	89	3
75	90	3
75	92	6
75	93	1
75	94	1
75	97	2
75	98	1
75	99	5
75	100	45
75	101	2
75	102	24
75	103	7
75	105	3
75	106	1
75	107	2
75	108	2
75	110	4
75	113	2
75	114	2
75	117	1
75	120	1
75	121	3
75	124	1
75	126	1
75	129	9
75	130	5
75	131	6
75	132	2
75	133	3
75	134	3
75	135	1
75	136	1
75	138	1
75	139	2
75	140	2
75	141	2
75	142	1
75	143	3
75	146	1
75	149	3
75	150	2
75	151	3
75	152	1
75	153	2
75	156	2
75	157	2
75	159	3
76	77	161
76	78	17
76	79	13
76	80	4
76	81	3
76	82	9
76	83	1
76	84	6
76	85	3
76	86	1
76	87	3
76	88	3
76	89	1
76	91	4
76	92	5
76	93	6
76	94	5
76	95	1
76	96	3
76	97	1
76	98	2
76	99	8
76	100	11
76	101	4
76	102	11
76	103	12
76	104	2
76	105	7
76	106	2
76	107	7
76	108	5
76	109	2
76	111	1
76	112	4
76	113	5
76	114	2
76	116	1
76	117	3
76	118	2
76	120	2
76	121	6
76	122	2
76	123	1
76	124	1
76	127	2
76	128	2
76	129	12
76	130	7
76	131	5
76	132	1
76	133	3
76	134	3
76	135	1
76	136	2
76	138	2
76	139	8
76	140	2
76	141	4
76	142	2
76	143	1
76	144	4
76	146	2
76	147	2
76	148	2
76	149	1
76	150	7
76	151	5
76	152	2
76	153	1
76	155	5
76	156	3
76	157	3
76	158	1
76	159	3
77	78	91
77	79	19
77	80	20
77	81	21
77	82	7
77	83	9
77	84	3
77	85	5
77	86	7
77	87	4
77	88	5
77	89	1
77	90	6
77	91	5
77	92	7
77	93	2
77	94	5
77	95	6
77	96	3
77	97	10
77	98	2
77	99	1
77	100	9
77	101	2
77	102	30
77	103	92
77	104	4
77	105	2
77	106	2
77	107	5
77	108	4
77	109	2
77	110	3
77	111	4
77	112	1
77	113	5
77	114	1
77	115	2
77	116	5
77	117	6
77	118	1
77	119	4
77	120	4
77	121	2
77	122	2
77	123	2
77	124	3
77	125	1
77	126	1
77	127	4
77	128	4
77	129	6
77	130	3
77	131	4
77	132	6
77	133	2
77	134	3
77	135	2
77	136	3
77	137	1
77	138	3
77	139	4
77	140	5
77	141	5
77	142	1
77	143	2
77	144	1
77	145	2
77	146	1
77	147	3
77	148	3
77	149	2
77	150	2
77	151	3
77	152	3
77	154	2
77	155	3
77	156	7
77	159	1
78	79	161
78	80	71
78	81	25
78	82	16
78	83	20
78	84	9
78	85	14
78	86	6
78	87	4
78	88	18
78	89	9
78	90	12
78	91	3
78	92	15
78	93	10
78	94	6
78	95	4
78	96	9
78	97	10
78	98	7
78	99	5
78	100	3
78	102	2
78	103	7
78	104	6
78	105	7
78	106	10
78	107	12
78	108	6
78	109	7
78	110	7
78	111	5
78	112	7
78	113	3
78	114	3
78	115	5
78	116	3
78	117	5
78	118	8
78	119	6
78	120	6
78	121	5
78	122	9
78	123	6
78	124	10
78	125	7
78	126	4
78	127	5
78	128	2
78	129	3
78	130	5
78	131	2
78	133	4
78	134	5
78	135	6
78	136	5
78	137	3
78	138	2
78	139	5
78	140	4
78	141	6
78	142	1
78	143	2
78	144	7
78	145	4
78	146	3
78	147	5
78	149	1
78	150	4
78	151	4
78	152	4
78	153	2
78	154	2
78	156	4
78	157	3
78	158	1
79	80	102
79	81	40
79	82	23
79	83	32
79	84	14
79	85	7
79	86	7
79	87	12
79	88	5
79	89	11
79	90	19
79	91	6
79	92	7
79	93	7
79	94	6
79	95	8
79	96	6
79	97	12
79	98	7
79	99	6
79	100	1
79	101	1
79	102	2
79	103	3
79	104	12
79	105	3
79	106	3
79	107	3
79	108	11
79	109	3
79	110	3
79	111	8
79	112	4
79	113	11
79	114	6
79	115	4
79	116	6
79	117	3
79	118	7
79	119	11
79	120	7
79	121	6
79	122	2
79	123	10
79	124	4
79	125	3
79	126	4
79	127	6
79	128	6
79	129	1
79	131	4
79	132	8
79	133	3
79	134	3
79	135	4
79	136	4
79	137	8
79	138	4
79	139	1
79	141	7
79	142	1
79	143	3
79	144	3
79	145	7
79	146	4
79	147	1
79	148	3
79	149	3
79	150	4
79	151	2
79	153	5
79	154	2
79	155	1
79	156	6
79	157	3
79	158	1
80	81	120
80	82	42
80	83	33
80	84	18
80	85	7
80	86	10
80	87	9
80	88	11
80	89	7
80	90	10
80	91	4
80	92	11
80	93	7
80	94	4
80	95	6
80	96	2
80	97	4
80	98	4
80	99	2
80	100	2
80	101	1
80	102	1
80	103	4
80	104	3
80	105	7
80	106	8
80	107	4
80	108	9
80	109	4
80	110	4
80	111	3
80	112	6
80	113	2
80	114	6
80	115	3
80	116	2
80	117	10
80	118	1
80	119	3
80	120	5
80	121	5
80	122	8
80	123	3
80	124	3
80	125	3
80	126	3
80	127	6
80	128	4
80	129	1
80	130	1
80	131	4
80	132	6
80	133	5
80	134	3
80	135	6
80	136	4
80	137	5
80	138	10
80	139	4
80	140	3
80	141	5
80	142	2
80	143	3
80	144	2
80	145	5
80	147	3
80	148	2
80	149	3
80	150	2
80	151	2
80	152	3
80	153	3
80	154	2
80	155	1
80	156	4
80	157	1
80	158	2
81	82	100
81	83	72
81	84	22
81	85	18
81	86	12
81	87	10
81	88	8
81	89	4
81	90	11
81	91	8
81	92	5
81	93	9
81	94	5
81	95	4
81	96	3
81	97	8
81	98	7
81	99	9
81	100	1
81	101	2
81	102	1
81	103	5
81	104	3
81	105	8
81	106	6
81	107	3
81	108	6
81	109	3
81	110	2
81	111	4
81	112	5
81	113	1
81	114	6
81	115	10
81	116	5
81	117	6
81	118	3
81	119	9
81	120	3
81	121	10
81	122	9
81	123	4
81	124	5
81	125	1
81	126	3
81	127	10
81	128	3
81	129	3
81	130	3
81	131	4
81	132	7
81	133	7
81	134	3
81	135	2
81	136	4
81	137	4
81	138	4
81	139	6
81	140	2
81	141	4
81	142	1
81	143	7
81	144	2
81	145	3
81	146	3
81	147	2
81	148	3
81	149	3
81	153	6
81	154	6
81	155	3
81	156	4
81	157	2
81	159	3
82	83	132
82	84	37
82	85	22
82	86	11
82	87	15
82	88	7
82	89	16
82	90	8
82	91	9
82	92	5
82	93	9
82	94	7
82	95	7
82	96	6
82	97	9
82	98	5
82	99	5
82	100	3
82	102	2
82	103	7
82	104	5
82	105	9
82	106	9
82	107	7
82	108	9
82	109	5
82	110	3
82	111	12
82	112	3
82	113	3
82	114	5
82	115	3
82	116	5
82	117	7
82	118	3
82	119	6
82	120	3
82	121	2
82	122	3
82	123	8
82	124	1
82	125	4
82	126	5
82	127	4
82	128	3
82	129	3
82	131	3
82	132	8
82	133	3
82	134	6
82	135	1
82	136	8
82	137	3
82	138	4
82	139	5
82	140	3
82	141	6
82	142	1
82	143	3
82	144	5
82	145	2
82	146	1
82	147	4
82	148	6
82	149	5
82	150	1
82	153	5
82	154	2
82	155	2
82	156	3
82	157	3
82	158	1
82	159	2
83	84	63
83	85	25
83	86	12
83	87	12
83	88	10
83	89	11
83	90	10
83	91	14
83	92	8
83	93	10
83	94	9
83	95	9
83	96	9
83	97	12
83	98	8
83	99	4
83	100	5
83	101	2
83	102	3
83	103	5
83	104	6
83	105	7
83	106	8
83	107	4
83	108	12
83	109	5
83	110	4
83	111	8
83	112	8
83	113	5
83	114	5
83	115	3
83	116	2
83	117	7
83	118	8
83	119	2
83	120	3
83	121	3
83	122	10
83	123	6
83	124	5
83	125	9
83	126	2
83	127	5
83	128	5
83	129	1
83	130	2
83	131	4
83	132	5
83	133	3
83	134	2
83	135	5
83	136	5
83	137	14
83	138	5
83	139	5
83	140	3
83	141	3
83	142	1
83	143	5
83	144	4
83	146	2
83	147	3
83	148	7
83	149	3
83	150	1
83	151	1
83	152	2
83	153	4
83	154	5
83	156	1
84	85	76
84	86	36
84	87	13
84	88	16
84	89	10
84	90	17
84	91	16
84	92	11
84	93	8
84	94	13
84	95	13
84	96	11
84	97	5
84	98	7
84	99	1
84	101	2
84	103	2
84	104	5
84	105	7
84	106	6
84	107	4
84	108	5
84	109	4
84	110	5
84	111	5
84	112	5
84	113	5
84	114	5
84	115	5
84	117	9
84	118	2
84	119	5
84	120	8
84	121	3
84	122	3
84	123	8
84	124	5
84	125	2
84	126	5
84	127	9
84	128	3
84	129	2
84	130	2
84	132	7
84	133	2
84	134	5
84	135	4
84	136	15
84	137	2
84	138	8
84	139	5
84	140	6
84	141	3
84	142	7
84	143	2
84	144	5
84	145	3
84	146	1
84	147	5
84	148	3
84	149	3
84	150	6
84	151	1
84	152	1
84	153	7
84	154	5
84	155	7
84	156	3
84	157	1
85	86	62
85	87	30
85	88	20
85	89	10
85	90	13
85	91	11
85	92	9
85	93	16
85	94	10
85	95	12
85	96	15
85	97	9
85	98	6
85	99	3
85	100	1
85	103	5
85	104	5
85	105	5
85	106	8
85	107	6
85	108	8
85	109	5
85	110	5
85	111	11
85	112	3
85	113	3
85	114	5
85	115	2
85	116	9
85	117	6
85	118	4
85	119	2
85	120	1
85	121	5
85	122	3
85	123	6
85	124	6
85	125	4
85	126	5
85	127	8
85	129	2
85	130	4
85	131	5
85	132	6
85	133	5
85	134	1
85	135	5
85	136	5
85	137	6
85	138	8
85	139	9
85	140	6
85	141	5
85	142	2
85	143	3
85	144	5
85	145	4
85	146	5
85	147	2
85	148	4
85	149	3
85	150	2
85	151	1
85	152	1
85	153	6
85	154	8
85	155	5
85	156	2
85	157	1
85	158	1
86	87	67
86	88	31
86	89	14
86	90	18
86	91	17
86	92	13
86	93	8
86	94	14
86	95	12
86	96	12
86	97	13
86	98	7
86	99	3
86	100	2
86	101	3
86	102	3
86	103	2
86	104	11
86	105	6
86	106	7
86	107	9
86	108	2
86	109	4
86	110	1
86	111	6
86	112	3
86	113	7
86	114	1
86	115	2
86	116	3
86	117	6
86	118	3
86	119	4
86	120	2
86	121	2
86	122	7
86	123	6
86	124	5
86	125	5
86	126	1
86	127	3
86	128	9
86	129	3
86	130	1
86	131	5
86	132	4
86	133	3
86	134	5
86	135	2
86	136	7
86	137	5
86	138	3
86	139	6
86	140	1
86	141	5
86	142	1
86	143	4
86	144	6
86	146	1
86	147	3
86	148	3
86	149	1
86	150	2
86	152	1
86	153	2
86	154	2
86	155	3
86	156	1
87	88	110
87	89	44
87	90	40
87	91	19
87	92	13
87	93	16
87	94	11
87	95	10
87	96	12
87	97	15
87	98	8
87	99	6
87	100	5
87	101	1
87	102	2
87	103	11
87	104	7
87	105	8
87	106	14
87	107	7
87	108	8
87	109	4
87	110	1
87	111	5
87	112	6
87	113	10
87	114	4
87	115	7
87	116	6
87	117	19
87	118	6
87	119	2
87	120	1
87	121	4
87	122	13
87	123	7
87	124	6
87	125	4
87	126	3
87	127	4
87	128	4
87	129	4
87	130	4
87	131	5
87	132	2
87	133	5
87	134	8
87	135	8
87	136	9
87	137	2
87	138	6
87	139	10
87	140	8
87	141	4
87	142	5
87	143	1
87	144	13
87	145	11
87	146	7
87	147	4
87	148	4
87	149	5
87	150	4
87	151	4
87	152	7
87	153	6
87	154	6
87	155	2
87	156	1
87	157	2
87	158	2
87	159	1
88	89	103
88	90	74
88	91	32
88	92	21
88	93	18
88	94	17
88	95	19
88	96	16
88	97	8
88	98	14
88	99	7
88	100	3
88	101	1
88	102	2
88	103	4
88	104	7
88	105	12
88	106	15
88	107	14
88	108	3
88	109	4
88	110	8
88	111	7
88	112	2
88	113	7
88	114	4
88	115	4
88	116	8
88	117	5
88	118	4
88	119	5
88	120	2
88	121	7
88	122	2
88	123	6
88	124	5
88	125	5
88	126	7
88	127	3
88	128	5
88	129	4
88	131	3
88	132	4
88	133	2
88	134	5
88	135	3
88	136	6
88	137	1
88	138	7
88	139	4
88	140	6
88	141	4
88	142	3
88	143	6
88	144	2
88	145	7
88	146	2
88	147	2
88	148	7
88	149	3
88	150	3
88	151	1
88	152	3
88	153	3
88	154	9
88	155	3
88	156	3
88	157	2
88	158	4
88	159	3
89	90	94
89	91	52
89	92	23
89	93	13
89	94	12
89	95	15
89	96	18
89	97	9
89	98	8
89	99	7
89	100	2
89	101	2
89	103	6
89	104	9
89	105	4
89	106	8
89	107	3
89	108	5
89	109	2
89	110	5
89	111	6
89	112	3
89	113	3
89	114	7
89	115	5
89	116	4
89	117	9
89	118	1
89	119	4
89	120	7
89	121	3
89	122	3
89	123	14
89	124	5
89	125	3
89	126	4
89	127	9
89	128	6
89	129	3
89	131	4
89	132	4
89	133	3
89	134	2
89	135	1
89	136	7
89	137	1
89	138	10
89	139	3
89	140	6
89	141	1
89	142	2
89	143	3
89	144	8
89	145	9
89	146	4
89	147	3
89	148	2
89	150	2
89	151	2
89	152	3
89	153	4
89	154	3
89	155	3
89	156	2
89	157	1
89	158	2
89	159	1
90	91	135
90	92	71
90	93	29
90	94	27
90	95	18
90	96	18
90	97	13
90	98	15
90	99	3
90	100	4
90	103	16
90	104	11
90	105	5
90	106	7
90	107	5
90	108	8
90	109	8
90	110	6
90	111	6
90	112	10
90	113	9
90	114	5
90	115	4
90	116	5
90	117	12
90	118	5
90	119	6
90	120	3
90	121	7
90	122	12
90	123	9
90	124	9
90	125	3
90	126	5
90	127	14
90	128	3
90	129	4
90	130	2
90	131	3
90	132	8
90	133	2
90	134	5
90	135	1
90	136	8
90	137	13
90	138	8
90	139	8
90	140	5
90	141	3
90	142	3
90	143	3
90	144	8
90	145	9
90	146	3
90	147	12
90	148	3
90	149	6
90	150	1
90	151	1
90	152	3
90	153	2
90	154	3
90	155	5
90	156	2
90	157	1
90	158	3
90	159	1
91	92	174
91	93	60
91	94	39
91	95	20
91	96	22
91	97	18
91	98	16
91	99	9
91	100	7
91	101	1
91	102	4
91	103	10
91	104	8
91	105	9
91	106	10
91	107	11
91	108	10
91	109	7
91	110	6
91	111	5
91	112	8
91	113	7
91	114	1
91	115	4
91	116	6
91	117	12
91	118	3
91	119	6
91	120	4
91	121	10
91	122	8
91	123	9
91	124	6
91	125	4
91	126	5
91	127	6
91	128	5
91	129	5
91	130	8
91	131	3
91	132	3
91	133	7
91	134	6
91	135	6
91	136	13
91	137	4
91	138	8
91	139	6
91	140	2
91	141	5
91	142	7
91	143	7
91	144	5
91	145	8
91	146	4
91	147	6
91	148	11
91	149	8
91	150	2
91	151	7
91	152	1
91	153	2
91	154	2
91	155	3
91	156	1
91	157	3
91	158	4
92	93	119
92	94	38
92	95	21
92	96	22
92	97	14
92	98	19
92	99	10
92	100	6
92	101	2
92	102	3
92	103	8
92	104	10
92	105	8
92	106	5
92	107	12
92	108	13
92	109	4
92	110	7
92	111	5
92	112	7
92	113	7
92	114	6
92	115	6
92	116	11
92	117	7
92	118	9
92	119	5
92	120	3
92	121	7
92	122	6
92	123	6
92	124	6
92	125	10
92	126	1
92	127	7
92	128	5
92	129	4
92	130	6
92	131	2
92	132	2
92	133	2
92	134	3
92	135	5
92	136	6
92	137	5
92	138	10
92	139	3
92	140	2
92	141	6
92	142	5
92	143	2
92	144	8
92	145	3
92	146	2
92	147	3
92	148	4
92	149	10
92	150	5
92	151	2
92	152	5
92	153	6
92	154	10
92	155	2
92	156	2
92	157	4
92	158	2
92	159	2
93	94	113
93	95	58
93	96	40
93	97	19
93	98	30
93	99	18
93	100	5
93	101	4
93	102	1
93	103	11
93	104	7
93	105	3
93	106	15
93	107	7
93	108	6
93	109	8
93	110	4
93	111	2
93	112	13
93	113	12
93	114	3
93	115	5
93	116	7
93	117	9
93	118	8
93	119	2
93	120	6
93	121	20
93	122	8
93	123	2
93	124	4
93	125	1
93	126	7
93	127	4
93	128	9
93	129	3
93	130	5
93	131	3
93	132	7
93	133	9
93	134	7
93	135	2
93	136	5
93	137	4
93	138	1
93	139	4
93	140	4
93	141	2
93	142	4
93	143	1
93	144	9
93	145	2
93	146	4
93	147	5
93	148	5
93	149	7
93	150	6
93	151	6
93	152	3
93	153	5
93	154	1
93	155	2
93	156	3
93	157	6
93	158	1
93	159	2
94	95	114
94	96	66
94	97	28
94	98	16
94	99	11
94	100	5
94	101	2
94	103	11
94	104	10
94	105	10
94	106	8
94	107	5
94	108	3
94	109	9
94	110	6
94	111	3
94	112	7
94	113	4
94	114	3
94	115	7
94	116	6
94	117	10
94	118	2
94	119	7
94	120	6
94	121	7
94	122	12
94	123	6
94	124	7
94	125	5
94	126	7
94	127	5
94	128	6
94	129	2
94	130	3
94	131	3
94	132	13
94	133	6
94	134	1
94	135	2
94	136	5
94	137	7
94	138	5
94	139	2
94	140	8
94	141	1
94	142	4
94	143	4
94	144	8
94	145	7
94	146	7
94	147	5
94	148	10
94	149	3
94	150	5
94	151	4
94	152	2
94	153	5
94	154	1
94	155	4
94	156	5
94	157	2
94	158	4
95	96	111
95	97	50
95	98	37
95	99	11
95	100	3
95	101	1
95	102	5
95	103	10
95	104	13
95	105	17
95	106	8
95	107	7
95	108	13
95	109	8
95	110	5
95	111	4
95	112	7
95	113	8
95	114	7
95	115	5
95	116	6
95	117	9
95	118	10
95	119	12
95	120	7
95	121	9
95	122	6
95	123	6
95	124	9
95	125	7
95	126	4
95	127	14
95	128	4
95	129	4
95	130	1
95	131	2
95	132	9
95	133	7
95	134	4
95	135	4
95	136	7
95	137	3
95	138	12
95	139	2
95	140	2
95	141	9
95	142	2
95	143	5
95	144	3
95	145	6
95	146	5
95	147	6
95	148	6
95	149	3
95	150	1
95	152	4
95	153	7
95	154	5
95	155	3
95	156	4
95	157	3
95	159	2
96	97	224
96	98	81
96	99	31
96	100	8
96	101	1
96	102	3
96	103	10
96	104	23
96	105	14
96	106	14
96	107	10
96	108	11
96	109	10
96	110	5
96	111	10
96	112	5
96	113	11
96	114	11
96	115	8
96	116	5
96	117	9
96	118	4
96	119	4
96	120	10
96	121	7
96	122	12
96	123	7
96	124	2
96	125	4
96	126	9
96	127	1
96	128	8
96	129	3
96	130	1
96	131	3
96	132	6
96	133	6
96	134	3
96	135	4
96	136	9
96	137	11
96	138	7
96	139	3
96	140	7
96	141	3
96	142	3
96	143	4
96	144	9
96	145	3
96	146	2
96	147	8
96	148	5
96	149	4
96	150	6
96	151	6
96	152	6
96	153	8
96	154	4
96	155	3
96	157	4
96	158	2
96	159	1
97	98	129
97	99	29
97	100	5
97	101	6
97	102	2
97	103	9
97	104	17
97	105	13
97	106	10
97	107	14
97	108	7
97	109	12
97	110	4
97	111	6
97	112	7
97	113	9
97	114	10
97	115	5
97	116	7
97	117	7
97	118	10
97	119	10
97	120	6
97	121	6
97	122	9
97	123	8
97	124	9
97	125	7
97	126	6
97	127	12
97	128	6
97	129	2
97	130	5
97	131	2
97	132	6
97	133	5
97	134	3
97	135	4
97	136	9
97	137	8
97	138	8
97	139	6
97	140	7
97	141	7
97	142	6
97	143	3
97	144	11
97	145	5
97	146	4
97	147	12
97	148	10
97	149	7
97	150	2
97	151	4
97	152	8
97	153	3
97	154	6
97	155	3
97	156	2
97	157	2
97	158	3
97	159	3
98	99	98
98	100	14
98	101	14
98	102	10
98	103	10
98	104	10
98	105	6
98	106	15
98	107	10
98	108	11
98	109	11
98	110	8
98	111	4
98	112	6
98	113	9
98	114	5
98	115	9
98	116	10
98	117	9
98	118	8
98	119	6
98	120	6
98	121	7
98	122	6
98	123	3
98	124	10
98	125	7
98	126	7
98	127	11
98	128	6
98	129	2
98	130	4
98	131	6
98	132	6
98	133	3
98	134	5
98	135	6
98	136	6
98	137	4
98	138	5
98	139	5
98	140	1
98	141	8
98	142	5
98	143	8
98	144	2
98	145	6
98	146	5
98	147	6
98	148	5
98	149	9
98	150	3
98	151	1
98	152	6
98	153	3
98	154	5
98	155	5
98	156	7
98	157	3
98	158	4
98	159	2
99	100	156
99	101	32
99	102	11
99	103	15
99	104	11
99	105	15
99	106	18
99	107	10
99	108	13
99	109	2
99	110	1
99	111	7
99	112	1
99	113	8
99	114	1
99	115	3
99	116	4
99	117	6
99	118	3
99	119	1
99	120	3
99	121	2
99	122	3
99	123	3
99	124	6
99	125	3
99	126	9
99	128	7
99	129	7
99	130	15
99	131	5
99	132	4
99	133	2
99	134	5
99	135	7
99	136	7
99	137	5
99	138	10
99	139	8
99	140	6
99	141	5
99	142	6
99	143	8
99	144	10
99	145	2
99	146	2
99	147	3
99	148	3
99	149	8
99	150	9
99	151	6
99	152	5
99	153	2
99	154	4
99	155	5
99	156	7
99	157	6
99	158	8
99	159	13
100	101	57
100	102	32
100	103	8
100	104	3
100	105	6
100	106	16
100	107	9
100	108	6
100	110	2
100	111	1
100	112	3
100	113	3
100	114	1
100	116	1
100	118	1
100	119	2
100	121	2
100	122	1
100	123	1
100	124	7
100	125	1
100	127	1
100	128	3
100	129	10
100	130	8
100	131	14
100	132	3
100	133	5
100	134	1
100	135	1
100	136	4
100	137	1
100	138	1
100	139	2
100	140	8
100	141	6
100	142	4
100	143	2
100	144	1
100	145	1
100	147	2
100	148	1
100	149	8
100	150	7
100	151	9
100	152	4
100	153	6
100	154	4
100	155	4
100	156	6
100	157	5
100	158	3
100	159	9
101	102	80
101	103	13
101	104	5
101	105	5
101	106	6
101	107	3
101	108	3
101	110	4
101	111	1
101	112	4
101	113	3
101	114	3
101	115	3
101	116	3
101	122	3
101	123	1
101	128	2
101	129	3
101	130	6
101	131	3
101	135	2
101	136	1
101	138	1
101	139	2
101	140	3
101	141	4
101	142	8
101	143	1
101	144	1
101	146	1
101	147	2
101	148	1
101	149	2
101	150	6
101	151	1
101	152	2
101	153	3
101	154	2
101	155	6
101	156	2
101	157	3
101	158	2
101	159	4
102	103	231
102	104	10
102	105	14
102	106	9
102	107	11
102	108	6
102	109	1
102	111	3
102	112	3
102	113	3
102	114	3
102	115	2
102	116	2
102	117	4
102	118	3
102	119	1
102	120	3
102	123	1
102	124	4
102	127	3
102	128	4
102	129	8
102	130	4
102	131	4
102	133	5
102	134	3
102	135	5
102	137	1
102	138	1
102	139	2
102	140	4
102	141	4
102	142	2
102	143	5
102	144	1
102	146	1
102	148	1
102	149	6
102	150	4
102	151	2
102	152	1
102	153	4
102	154	1
102	155	1
102	156	3
102	157	4
102	158	4
102	159	2
103	104	78
103	105	85
103	106	50
103	107	24
103	108	23
103	109	12
103	110	5
103	111	12
103	112	10
103	113	8
103	114	5
103	115	12
103	116	11
103	117	10
103	118	5
103	119	7
103	120	1
103	121	10
103	122	4
103	123	12
103	124	5
103	125	3
103	126	9
103	127	6
103	128	14
103	129	11
103	130	6
103	131	11
103	132	7
103	133	5
103	134	4
103	135	4
103	136	5
103	137	4
103	138	6
103	139	2
103	140	7
103	141	6
103	142	5
103	143	5
103	144	9
103	145	4
103	146	3
103	147	5
103	148	9
103	149	11
103	150	7
103	151	3
103	152	9
103	153	1
103	154	10
103	155	6
103	156	7
103	157	2
103	158	6
103	159	2
104	105	173
104	106	74
104	107	25
104	108	27
104	109	18
104	110	15
104	111	14
104	112	9
104	113	20
104	114	10
104	115	8
104	116	14
104	117	9
104	118	8
104	119	12
104	120	8
104	121	11
104	122	9
104	123	6
104	124	5
104	125	2
104	126	4
104	127	6
104	128	1
104	129	3
104	130	2
104	131	2
104	132	7
104	133	6
104	134	4
104	135	10
104	136	5
104	137	9
104	138	5
104	139	1
104	140	3
104	141	9
104	143	1
104	144	3
104	145	7
104	146	9
104	147	2
104	148	12
104	149	8
104	150	5
104	151	3
104	152	7
104	153	7
104	154	10
104	155	4
104	156	10
104	157	5
104	158	6
105	106	163
105	107	43
105	108	23
105	109	17
105	110	17
105	111	16
105	112	20
105	113	10
105	114	13
105	115	12
105	116	10
105	117	8
105	118	10
105	119	5
105	120	9
105	121	6
105	122	6
105	123	3
105	124	6
105	125	11
105	126	2
105	127	13
105	128	12
105	129	5
105	130	7
105	131	5
105	132	7
105	133	3
105	134	6
105	135	3
105	136	3
105	137	3
105	138	11
105	139	5
105	140	5
105	141	4
105	142	6
105	143	4
105	144	6
105	145	4
105	146	8
105	147	6
105	148	7
105	149	9
105	150	6
105	151	5
105	152	4
105	153	3
105	154	3
105	155	6
105	156	2
105	157	2
105	158	3
105	159	2
106	107	196
106	108	77
106	109	20
106	110	22
106	111	31
106	112	26
106	113	17
106	114	12
106	115	16
106	116	14
106	117	10
106	118	14
106	119	13
106	120	8
106	121	10
106	122	4
106	123	10
106	124	14
106	125	7
106	126	4
106	127	9
106	128	10
106	129	6
106	130	7
106	131	7
106	132	9
106	133	9
106	134	8
106	135	11
106	136	8
106	137	3
106	138	5
106	139	6
106	140	8
106	141	5
106	142	8
106	143	9
106	144	6
106	145	6
106	146	4
106	147	5
106	148	9
106	149	4
106	150	4
106	151	3
106	152	6
106	153	7
106	154	1
106	155	6
106	156	6
106	157	7
106	158	3
106	159	8
107	108	204
107	109	23
107	110	15
107	111	34
107	112	26
107	113	17
107	114	7
107	115	4
107	116	16
107	117	11
107	118	7
107	119	7
107	120	9
107	121	7
107	122	6
107	123	2
107	124	8
107	125	10
107	126	5
107	127	5
107	128	9
107	129	7
107	130	1
107	131	4
107	132	2
107	133	8
107	134	9
107	135	5
107	136	8
107	137	3
107	138	5
107	139	6
107	140	5
107	141	9
107	142	8
107	143	9
107	144	4
107	145	5
107	146	3
107	147	4
107	148	11
107	149	4
107	150	12
107	151	6
107	152	5
107	153	6
107	154	3
107	155	6
107	156	5
107	157	4
107	158	4
107	159	2
108	109	89
108	110	18
108	111	48
108	112	66
108	113	43
108	114	19
108	115	24
108	116	20
108	117	11
108	118	13
108	119	6
108	120	5
108	121	7
108	122	4
108	123	12
108	124	8
108	125	5
108	126	6
108	127	11
108	128	8
108	129	7
108	130	2
108	131	8
108	132	9
108	133	10
108	134	7
108	135	12
108	136	12
108	137	2
108	138	10
108	139	7
108	140	10
108	141	6
108	142	6
108	143	5
108	144	4
108	145	4
108	146	4
108	147	3
108	148	10
108	149	14
108	150	7
108	151	5
108	152	5
108	153	4
108	154	2
108	155	2
108	156	10
108	157	5
108	158	1
108	159	3
109	110	93
109	111	80
109	112	75
109	113	39
109	114	24
109	115	12
109	116	12
109	117	19
109	118	11
109	119	7
109	120	10
109	121	7
109	122	8
109	123	11
109	124	7
109	125	8
109	126	1
109	127	10
109	128	4
109	129	1
109	130	2
109	131	2
109	132	6
109	133	5
109	134	2
109	135	3
109	136	6
109	137	10
109	138	12
109	139	3
109	140	7
109	141	6
109	142	4
109	143	1
109	144	6
109	145	8
109	146	4
109	147	5
109	148	6
109	149	3
109	150	1
109	151	2
109	152	5
109	153	6
109	154	5
109	155	2
109	156	6
109	157	2
109	158	5
110	111	110
110	112	90
110	113	51
110	114	20
110	115	10
110	116	12
110	117	18
110	118	17
110	119	6
110	120	2
110	121	3
110	122	4
110	123	8
110	124	8
110	125	5
110	126	3
110	127	9
110	128	4
110	129	2
110	130	1
110	131	6
110	132	6
110	133	2
110	134	10
110	135	2
110	136	2
110	137	6
110	138	3
110	139	2
110	140	3
110	141	8
110	142	5
110	143	3
110	144	6
110	145	2
110	146	4
110	147	8
110	148	6
110	149	4
110	150	3
110	151	1
110	152	3
110	153	5
110	154	4
110	155	7
110	156	6
110	157	2
110	159	1
111	112	129
111	113	58
111	114	22
111	115	10
111	116	9
111	117	18
111	118	11
111	119	2
111	120	5
111	121	8
111	122	9
111	123	2
111	124	2
111	125	5
111	126	8
111	127	11
111	128	7
111	129	1
111	130	4
111	131	2
111	132	6
111	133	4
111	134	5
111	135	4
111	136	5
111	137	3
111	138	3
111	139	6
111	140	10
111	141	7
111	142	1
111	143	5
111	144	7
111	145	7
111	146	3
111	147	6
111	148	6
111	149	9
111	150	3
111	151	7
111	152	10
111	153	7
111	154	3
111	155	7
111	156	6
111	157	4
111	158	3
111	159	1
112	113	148
112	114	44
112	115	20
112	116	25
112	117	24
112	118	9
112	119	8
112	120	11
112	121	11
112	122	12
112	123	13
112	124	10
112	125	9
112	126	2
112	127	9
112	128	5
112	129	3
112	131	5
112	132	8
112	133	8
112	134	4
112	135	10
112	136	6
112	137	6
112	138	6
112	139	6
112	140	5
112	141	9
112	142	4
112	143	12
112	144	7
112	145	4
112	146	6
112	147	5
112	148	10
112	149	7
112	150	1
112	151	2
112	152	3
112	153	4
112	154	6
112	155	1
112	156	7
112	157	2
112	158	4
112	159	6
113	114	59
113	115	22
113	116	16
113	117	18
113	118	12
113	119	5
113	120	7
113	121	3
113	122	9
113	123	8
113	124	12
113	125	5
113	126	6
113	127	8
113	128	10
113	129	2
113	130	3
113	131	6
113	132	6
113	133	4
113	134	5
113	135	3
113	136	12
113	137	6
113	138	5
113	139	11
113	140	4
113	141	9
113	142	10
113	143	3
113	144	11
113	145	6
113	146	4
113	147	8
113	148	9
113	149	6
113	150	6
113	151	6
113	152	1
113	153	6
113	154	7
113	155	5
113	156	3
113	157	4
113	158	5
113	159	7
114	115	73
114	116	60
114	117	37
114	118	14
114	119	11
114	120	17
114	121	9
114	122	12
114	123	6
114	124	7
114	125	3
114	126	4
114	127	4
114	128	4
114	129	1
114	130	2
114	131	4
114	132	10
114	133	1
114	134	6
114	135	5
114	136	6
114	137	9
114	138	5
114	139	6
114	141	7
114	142	3
114	143	8
114	144	4
114	145	6
114	146	4
114	147	7
114	148	9
114	149	6
114	150	4
114	151	4
114	152	1
114	153	9
114	154	9
114	155	6
114	156	1
114	157	5
114	158	2
114	159	1
115	116	96
115	117	49
115	118	16
115	119	12
115	120	5
115	121	8
115	122	12
115	123	5
115	124	3
115	125	5
115	126	3
115	127	5
115	128	7
115	129	2
115	130	5
115	131	1
115	132	13
115	133	10
115	134	2
115	135	6
115	136	9
115	137	9
115	138	8
115	139	3
115	140	4
115	141	6
115	142	3
115	143	5
115	144	6
115	145	8
115	146	5
115	147	5
115	148	7
115	149	4
115	150	6
115	151	5
115	152	9
115	153	4
115	154	5
115	155	3
115	156	8
115	157	3
115	159	2
116	117	150
116	118	39
116	119	18
116	120	15
116	121	9
116	122	11
116	123	11
116	124	11
116	125	13
116	126	11
116	127	11
116	128	7
116	129	4
116	130	6
116	131	4
116	132	3
116	133	9
116	134	3
116	135	6
116	136	13
116	137	6
116	138	13
116	139	13
116	140	5
116	141	7
116	142	3
116	143	14
116	144	11
116	145	6
116	146	11
116	147	10
116	148	6
116	149	5
116	150	3
116	151	4
116	152	2
116	153	6
116	154	5
116	155	9
116	156	8
116	157	2
116	158	4
116	159	2
117	118	119
117	119	45
117	120	34
117	121	21
117	122	15
117	123	16
117	124	15
117	125	12
117	126	15
117	127	21
117	128	8
117	129	3
117	130	4
117	131	7
117	132	9
117	133	8
117	134	8
117	135	12
117	136	15
117	137	9
117	138	10
117	139	16
117	140	7
117	141	7
117	142	5
117	143	12
117	144	17
117	145	14
117	146	10
117	147	5
117	148	13
117	149	5
117	150	6
117	151	9
117	152	8
117	153	9
117	154	6
117	155	13
117	156	3
117	157	3
117	158	3
117	159	4
118	119	84
118	120	37
118	121	24
118	122	21
118	123	18
118	124	8
118	125	8
118	126	5
118	127	24
118	128	18
118	129	1
118	130	2
118	131	2
118	132	8
118	133	9
118	134	11
118	135	6
118	136	7
118	137	12
118	138	10
118	139	7
118	140	3
118	141	6
118	142	7
118	143	5
118	144	7
118	145	5
118	146	3
118	147	4
118	148	8
118	149	5
118	150	2
118	151	3
118	152	3
118	153	10
118	154	5
118	155	5
118	156	2
118	157	3
118	158	2
118	159	2
119	120	50
119	121	32
119	122	28
119	123	20
119	124	15
119	125	10
119	126	4
119	127	11
119	128	10
119	129	1
119	131	3
119	132	4
119	133	5
119	134	6
119	135	2
119	136	9
119	137	6
119	138	10
119	139	3
119	140	6
119	141	9
119	142	3
119	143	6
119	144	12
119	145	10
119	146	11
119	147	6
119	148	6
119	149	2
119	150	4
119	151	2
119	152	2
119	153	8
119	154	7
119	155	6
119	156	8
119	157	3
119	158	3
119	159	1
120	121	78
120	122	64
120	123	28
120	124	6
120	125	11
120	126	3
120	127	8
120	128	12
120	129	3
120	130	4
120	131	4
120	132	8
120	133	5
120	134	9
120	135	8
120	136	13
120	137	17
120	138	8
120	139	12
120	140	3
120	141	9
120	142	8
120	143	11
120	144	6
120	145	5
120	146	3
120	147	6
120	148	9
120	149	3
120	150	3
120	151	2
120	152	1
120	153	10
120	154	6
120	155	8
120	156	11
120	157	1
120	158	1
121	122	146
121	123	41
121	124	18
121	125	11
121	126	9
121	127	18
121	128	17
121	129	4
121	130	2
121	131	9
121	132	5
121	133	7
121	134	9
121	135	9
121	136	10
121	137	5
121	138	20
121	139	9
121	140	11
121	141	5
121	142	3
121	143	6
121	144	14
121	145	5
121	146	2
121	147	4
121	148	11
121	149	4
121	150	3
121	151	4
121	152	6
121	153	7
121	154	12
121	155	4
121	156	9
121	157	2
121	158	6
121	159	1
122	123	80
122	124	30
122	125	20
122	126	16
122	127	13
122	128	16
122	129	8
122	130	5
122	131	5
122	132	9
122	133	9
122	134	13
122	135	7
122	136	15
122	137	14
122	138	11
122	139	5
122	140	4
122	141	11
122	142	7
122	143	5
122	144	16
122	145	9
122	146	14
122	147	13
122	148	16
122	149	5
122	150	5
122	151	2
122	152	4
122	153	6
122	154	9
122	155	5
122	156	4
122	157	3
122	158	1
122	159	2
123	124	62
123	125	45
123	126	23
123	127	30
123	128	18
123	129	2
123	130	4
123	131	3
123	132	5
123	133	5
123	134	7
123	135	9
123	136	17
123	137	20
123	138	10
123	139	7
123	140	6
123	141	11
123	142	7
123	143	4
123	144	16
123	145	17
123	146	8
123	147	13
123	148	16
123	149	2
123	150	4
123	151	2
123	152	5
123	153	9
123	154	10
123	155	2
123	156	3
123	157	2
123	158	3
123	159	2
124	125	92
124	126	34
124	127	34
124	128	18
124	129	7
124	130	3
124	131	8
124	132	11
124	133	6
124	134	6
124	135	7
124	136	12
124	137	13
124	138	18
124	139	10
124	140	9
124	141	12
124	142	7
124	143	8
124	144	12
124	145	5
124	146	9
124	147	2
124	148	13
124	149	5
124	150	5
124	151	3
124	152	5
124	153	13
124	154	12
124	155	4
124	156	11
124	157	1
124	158	6
125	126	59
125	127	50
125	128	32
125	129	8
125	130	9
125	131	6
125	132	18
125	133	10
125	134	5
125	135	10
125	136	10
125	137	12
125	138	26
125	139	2
125	140	3
125	141	13
125	142	8
125	143	4
125	144	13
125	145	12
125	146	6
125	147	9
125	148	12
125	149	6
125	150	2
125	151	4
125	152	4
125	153	9
125	154	7
125	155	7
125	156	7
125	158	3
126	127	84
126	128	29
126	129	8
126	130	8
126	131	3
126	132	9
126	133	7
126	134	4
126	135	12
126	136	24
126	137	12
126	138	21
126	139	7
126	140	6
126	141	7
126	142	8
126	143	2
126	144	13
126	145	8
126	146	5
126	147	11
126	148	4
126	149	3
126	150	3
126	151	3
126	152	1
126	153	5
126	154	7
126	155	2
126	156	9
126	157	4
126	158	1
127	128	131
127	129	12
127	130	20
127	131	7
127	132	23
127	133	21
127	134	11
127	135	9
127	136	22
127	137	18
127	138	19
127	139	12
127	140	8
127	141	7
127	142	3
127	143	8
127	144	21
127	145	10
127	146	9
127	147	7
127	148	17
127	149	6
127	150	6
127	151	1
127	152	5
127	153	5
127	154	13
127	155	5
127	156	7
127	157	8
127	158	5
128	129	98
128	130	36
128	131	28
128	132	26
128	133	19
128	134	31
128	135	23
128	136	17
128	137	10
128	138	16
128	139	13
128	140	12
128	141	8
128	142	6
128	143	11
128	144	13
128	145	4
128	146	5
128	147	8
128	148	6
128	149	17
128	150	5
128	151	5
128	152	4
128	153	4
128	154	5
128	155	6
128	156	2
128	157	4
128	158	2
128	159	3
129	130	155
129	131	69
129	132	10
129	133	24
129	134	18
129	135	11
129	136	6
129	137	2
129	138	7
129	139	13
129	140	11
129	141	8
129	142	9
129	143	21
129	144	3
129	145	2
129	146	2
129	147	2
129	148	7
129	149	10
129	150	12
129	151	6
129	152	13
129	153	2
129	155	1
129	156	8
129	157	8
129	158	7
129	159	1
130	131	213
130	132	44
130	133	35
130	134	29
130	135	26
130	136	10
130	137	5
130	138	12
130	139	10
130	140	18
130	141	14
130	142	2
130	143	14
130	144	6
130	145	5
130	146	2
130	148	7
130	149	12
130	150	16
130	151	7
130	152	4
130	153	3
130	154	5
130	155	1
130	156	5
130	157	3
130	158	4
130	159	6
131	132	100
131	133	66
131	134	63
131	135	42
131	136	12
131	137	6
131	138	7
131	139	15
131	140	15
131	141	11
131	142	14
131	143	10
131	144	10
131	145	1
131	146	3
131	147	5
131	148	6
131	149	5
131	150	9
131	151	7
131	152	3
131	153	4
131	154	3
131	155	6
131	156	8
131	157	3
131	158	3
131	159	6
132	133	309
132	134	183
132	135	64
132	136	20
132	137	25
132	138	24
132	139	13
132	140	12
132	141	27
132	142	16
132	143	16
132	144	16
132	145	12
132	146	8
132	147	10
132	148	9
132	149	11
132	150	4
132	151	8
132	152	8
132	153	8
132	154	3
132	155	8
132	156	8
132	157	6
132	158	10
132	159	4
133	134	233
133	135	67
133	136	17
133	137	14
133	138	17
133	139	17
133	140	21
133	141	20
133	142	14
133	143	7
133	144	9
133	145	9
133	146	6
133	147	4
133	148	7
133	149	8
133	150	6
133	151	3
133	152	6
133	153	7
133	154	6
133	155	6
133	156	3
133	157	1
133	159	8
134	135	156
134	136	37
134	137	17
134	138	30
134	139	17
134	140	20
134	141	11
134	142	13
134	143	12
134	144	14
134	145	6
134	146	7
134	147	9
134	148	9
134	149	6
134	150	4
134	151	5
134	152	11
134	153	8
134	154	6
134	155	4
134	156	9
134	157	5
134	158	7
134	159	2
135	136	96
135	137	33
135	138	40
135	139	41
135	140	18
135	141	16
135	142	14
135	143	10
135	144	20
135	145	4
135	146	8
135	147	7
135	148	4
135	149	7
135	150	8
135	151	8
135	152	9
135	153	6
135	154	8
135	155	5
135	156	3
135	157	1
135	158	3
135	159	4
136	137	148
136	138	71
136	139	36
136	140	19
136	141	12
136	142	18
136	143	13
136	144	20
136	145	19
136	146	19
136	147	12
136	148	9
136	149	7
136	150	4
136	151	4
136	152	3
136	153	11
136	154	7
136	155	2
136	156	5
136	157	7
136	158	6
136	159	1
137	138	108
137	139	51
137	140	13
137	141	13
137	142	11
137	143	9
137	144	18
137	145	17
137	146	12
137	147	14
137	148	12
137	149	5
137	150	4
137	151	4
137	152	2
137	153	9
137	154	7
137	155	7
137	156	6
137	157	1
137	158	2
137	159	5
138	139	171
138	140	43
138	141	24
138	142	13
138	143	17
138	144	28
138	145	17
138	146	19
138	147	14
138	148	15
138	149	12
138	150	6
138	151	5
138	152	10
138	153	4
138	154	3
138	155	8
138	156	10
138	157	2
138	158	7
138	159	1
139	140	184
139	141	61
139	142	37
139	143	29
139	144	14
139	145	18
139	146	14
139	147	14
139	148	15
139	149	17
139	150	13
139	151	7
139	152	7
139	153	7
139	154	2
139	155	6
139	156	6
139	157	6
139	158	8
139	159	2
140	141	154
140	142	57
140	143	30
140	144	18
140	145	7
140	146	5
140	147	9
140	148	10
140	149	13
140	150	18
140	151	9
140	152	8
140	153	11
140	154	5
140	155	10
140	156	8
140	157	8
140	158	3
140	159	6
141	142	152
141	143	49
141	144	26
141	145	13
141	146	16
141	147	13
141	148	15
141	149	18
141	150	18
141	151	12
141	152	8
141	153	12
141	154	6
141	155	5
141	156	12
141	157	5
141	158	4
141	159	4
142	143	199
142	144	45
142	145	10
142	146	15
142	147	3
142	148	18
142	149	12
142	150	10
142	151	7
142	152	7
142	153	3
142	154	8
142	155	5
142	156	9
142	157	4
142	158	4
142	159	2
143	144	371
143	145	25
143	146	18
143	147	19
143	148	24
143	149	31
143	150	19
143	151	17
143	152	8
143	153	9
143	154	3
143	155	6
143	156	2
143	157	7
143	158	4
143	159	3
144	145	91
144	146	49
144	147	31
144	148	49
144	149	26
144	150	16
144	151	7
144	152	9
144	153	10
144	154	9
144	155	13
144	156	10
144	157	2
144	158	3
144	159	7
145	146	124
145	147	48
145	148	95
145	149	28
145	150	9
145	151	3
145	152	9
145	153	16
145	154	19
145	155	8
145	156	10
145	157	4
145	158	7
145	159	2
146	147	67
146	148	93
146	149	13
146	150	7
146	151	5
146	152	8
146	153	17
146	154	13
146	155	8
146	156	10
146	157	2
146	158	4
146	159	3
147	148	223
147	149	44
147	150	14
147	151	7
147	152	6
147	153	18
147	154	14
147	155	13
147	156	11
147	157	7
147	158	7
147	159	2
148	149	175
148	150	30
148	151	13
148	152	7
148	153	19
148	154	15
148	155	14
148	156	3
148	157	5
148	158	4
148	159	5
149	150	130
149	151	46
149	152	17
149	153	11
149	154	26
149	155	17
149	156	8
149	157	14
149	158	7
149	159	7
150	151	150
150	152	39
150	153	115
150	154	520
150	155	26
150	156	21
150	157	14
150	158	10
150	159	14
151	152	168
151	153	44
151	154	28
151	155	20
151	156	20
151	157	21
151	158	14
151	159	11
152	153	123
152	154	62
152	155	40
152	156	30
152	157	25
152	158	13
152	159	13
153	154	182
153	155	59
153	156	47
153	157	27
153	158	15
153	159	2
154	155	127
154	156	42
154	157	31
154	158	18
154	159	10
155	156	185
155	157	66
155	158	29
155	159	13
156	157	255
156	158	56
156	159	29
157	158	119
157	159	41
158	159	108
